2 0.271875 0.85390625 0.228125 0.290625
3 0.278125 0.6796875 0.121875 0.19375
0 0.21875 0.2390625 0.0703125 0.1046875
3 0.0921875 0.30859375 0.1734375 0.4203125
3 0.3265625 0.11171875 0.103125 0.1875
1 0.4171875 0.30859375 0.171875 0.328125
0 0.496875 0.23671875 0.078125 0.146875
0 0.56328125 0.1859375 0.0765625 0.1546875
0 0.684375 0.0921875 0.0734375 0.103125
0 0.8171875 0.14375 0.065625 0.15625
3 0.365625 0.478125 0.15625 0.20625
3 0.578125 0.4328125 0.0890625 0.171875
0 0.6140625 0.58359375 0.096875 0.159375
1 0.72265625 0.653125 0.1625 0.365625
0 0.8515625 0.72578125 0.06875 0.134375
3 0.66953125 0.87578125 0.140625 0.096875
1 0.5546875 0.928125 0.096875 0.14375
3 0.01328125 0.95234375 0.0171875 0.0953125