0 0.53046875 0.2828125 0.075 0.17421875
1 0.44375 0.93046875 0.153125 0.13828125
1 0.58671875 0.8625 0.13984375 0.275
1 0.4609375 0.52890625 0.2125 0.2390625
1 0.23203125 0.18984375 0.16875 0.25859375
1 0.24296875 0.66640625 0.15703125 0.20078125
3 0.153125 0.3921875 0.09375 0.17421875
0 0.8515625 0.87265625 0.05546875 0.09609375
3 0.40546875 0.8046875 0.15078125 0.15625
0 0.115625 0.78359375 0.05703125 0.08671875
3 0.64609375 0.971875 0.115625 0.05546875
0 0.6890625 0.878125 0.0984375 0.16953125
0 0.80703125 0.83671875 0.07265625 0.14609375
3 0.56796875 0.6390625 0.16015625 0.30859375
0 0.078125 0.39921875 0.03828125 0.084375
1 0.5109375 0.03984375 0.14140625 0.0796875