2 0.74921875 0.72421875 0.11484375 0.27421875
1 0.43984375 0.2734375 0.18359375 0.359375
1 0.55 0.67578125 0.1515625 0.321875
3 0.7578125 0.91328125 0.178125 0.171875
3 0.23671875 0.16640625 0.1921875 0.20234375
0 0.66484375 0.40546875 0.0578125 0.14921875
3 0.753125 0.153125 0.11328125 0.0828125
3 0.67734375 0.53515625 0.11875 0.140625
3 0.11484375 0.1140625 0.078125 0.20625
3 0.22421875 0.63125 0.1171875 0.3203125
0 0.21328125 0.990625 0.04921875 0.01875
0 0.04375 0.52578125 0.053125 0.13984375
1 0.3671875 0.4921875 0.15546875 0.2875
0 0.2140625 0.396875 0.09765625 0.18359375
0 0.7671875 0.240625 0.0875 0.14296875