1 0.3265625 0.19609375 0.209375 0.28046875
1 0.36796875 0.0515625 0.1859375 0.103125
0 0.30703125 0.39609375 0.09765625 0.10625
3 0.5796875 0.7140625 0.08125 0.275
3 0.3515625 0.75625 0.20703125 0.19765625
0 0.5984375 0.04765625 0.096875 0.0953125
0 0.2921875 0.94453125 0.0734375 0.1109375
2 0.63828125 0.5359375 0.1015625 0.3859375
0 0.62421875 0.7921875 0.078125 0.17109375
0 0.8734375 0.1078125 0.07578125 0.14921875
0 0.8046875 0.15859375 0.0640625 0.11328125
0 0.834375 0.05390625 0.05390625 0.1078125