1 0.20625 0.41484375 0.153125 0.3203125
1 0.26953125 0.1421875 0.1578125 0.26875
3 0.54453125 0.2109375 0.1140625 0.3875
3 0.77421875 0.64453125 0.128125 0.203125
3 0.7484375 0.5671875 0.125 0.203125
0 0.54765625 0.8671875 0.059375 0.1234375
0 0.63046875 0.9484375 0.0484375 0.103125
3 0.796875 0.8921875 0.096875 0.215625
0 0.8140625 0.68828125 0.0578125 0.1015625
2 0.81640625 0.1203125 0.0984375 0.1734375
1 0.69609375 0.0875 0.15 0.175
0 0.61953125 0.1515625 0.1125 0.2171875
3 0.62734375 0.0859375 0.115625 0.171875