0 0.3875 0.1171875 0.07265625 0.11015625
1 0.4109375 0.25859375 0.1578125 0.1625
2 0.25703125 0.3828125 0.12890625 0.16171875
0 0.86484375 0.65390625 0.071875 0.14609375
0 0.25 0.1265625 0.09140625 0.15703125
0 0.43671875 0.9234375 0.0953125 0.14765625
0 0.7203125 0.38671875 0.05703125 0.0859375
0 0.76484375 0.58671875 0.08671875 0.1234375
0 0.13125 0.5546875 0.0609375 0.121875
0 0.52890625 0.83359375 0.0953125 0.14609375
2 0.309375 0.9140625 0.11640625 0.171875
3 0.08203125 0.72734375 0.07734375 0.21328125
3 0.17109375 0.490625 0.096875 0.11953125