1 0.48046875 0.1734375 0.18203125 0.27890625
1 0.2203125 0.34140625 0.1421875 0.21015625
2 0.2609375 0.9390625 0.1484375 0.1203125
1 0.4390625 0.56796875 0.18671875 0.2921875
1 0.6078125 0.37734375 0.11015625 0.1640625
0 0.6609375 0.51953125 0.053125 0.1421875
3 0.02421875 0.734375 0.0484375 0.22265625
0 0.33828125 0.06796875 0.06796875 0.12109375
2 0.74921875 0.06171875 0.1671875 0.1203125
3 0.45234375 0.765625 0.08671875 0.253125
0 0.03515625 0.9078125 0.03359375 0.0953125
0 0.4875 0.92890625 0.1265625 0.14140625
0 0.34375 0.74765625 0.08515625 0.08515625
2 0.7859375 0.73515625 0.14375 0.23828125