2 0.8578125 0.28671875 0.12578125 0.209375
1 0.4859375 0.5140625 0.16484375 0.3265625
1 0.7359375 0.4796875 0.175 0.1875
1 0.1953125 0.6375 0.18125 0.25234375
1 0.6265625 0.69609375 0.1859375 0.31484375
3 0.85703125 0.74921875 0.0578125 0.321875
3 0.38359375 0.13515625 0.13203125 0.2703125
3 0.13515625 0.08515625 0.14921875 0.1703125
1 0.53671875 0.165625 0.18828125 0.30390625
3 0.7703125 0.0828125 0.15390625 0.165625
0 0.90234375 0.640625 0.04296875 0.15703125
3 0.1109375 0.83125 0.12109375 0.13828125
1 0.13203125 0.92421875 0.115625 0.1515625
3 0.62265625 0.90703125 0.1765625 0.1859375