3 0.575 0.80859375 0.11328125 0.13125
3 0.3765625 0.378125 0.08984375 0.378125
3 0.94609375 0.45625 0.1078125 0.1875
2 0.26171875 0.77265625 0.12890625 0.2921875
1 0.415625 0.57890625 0.1703125 0.22421875
0 0.65390625 0.16875 0.06328125 0.1046875
0 0.4546875 0.24609375 0.0640625 0.16875
2 0.84921875 0.18515625 0.1328125 0.27578125
0 0.8484375 0.37265625 0.06640625 0.1328125
0 0.32421875 0.83515625 0.0796875 0.14296875
0 0.51875 0.07421875 0.0796875 0.1375
3 0.6515625 0.959375 0.125 0.08046875
3 0.68828125 0.67890625 0.16875 0.2375
3 0.43984375 0.87421875 0.1453125 0.2515625
3 0.3078125 0.28046875 0.140625 0.28125