3 0.3546875 0.64453125 0.11015625 0.1140625
1 0.60078125 0.77578125 0.19375 0.2609375
3 0.21953125 0.0828125 0.10546875 0.165625
2 0.46875 0.83203125 0.18203125 0.30859375
3 0.1328125 0.315625 0.07265625 0.17578125
1 0.65546875 0.61015625 0.20546875 0.1953125
3 0.74375 0.88828125 0.125 0.2234375
3 0.2328125 0.30546875 0.19140625 0.28203125
0 0.76328125 0.95390625 0.04921875 0.0921875
1 0.58984375 0.0515625 0.1734375 0.103125
0 0.25 0.62109375 0.08828125 0.1359375
3 0.78671875 0.3359375 0.165625 0.26328125
0 0.32109375 0.746875 0.0625 0.15078125