2 0.34765625 0.83359375 0.15859375 0.31484375
2 0.7015625 0.0921875 0.12734375 0.18359375
1 0.875 0.51796875 0.10390625 0.3046875
1 0.5390625 0.34765625 0.140625 0.33984375
1 0.33515625 0.35546875 0.1546875 0.29609375
1 0.171875 0.38046875 0.15234375 0.23203125
1 0.078125 0.61953125 0.11640625 0.30859375
3 0.7015625 0.725 0.17421875 0.2828125
3 0.42109375 0.26640625 0.10859375 0.303125
2 0.1859375 0.57265625 0.109375 0.2515625
3 0.17265625 0.83125 0.1328125 0.21796875
3 0.2421875 0.94140625 0.08125 0.1171875