0 0.71171875 0.68046875 0.0890625 0.159375
3 0.92265625 0.08984375 0.06875 0.10859375
2 0.759375 0.2140625 0.20625 0.428125
1 0.6109375 0.303125 0.13203125 0.2234375
0 0.56796875 0.125 0.0796875 0.1375
0 0.37265625 0.221875 0.09765625 0.15703125
0 0.2890625 0.290625 0.1125 0.171875
0 0.2171875 0.1046875 0.03203125 0.1546875
2 0.278125 0.10078125 0.10234375 0.2015625
3 0.1234375 0.1421875 0.103125 0.16484375
1 0.228125 0.4890625 0.153125 0.30078125
3 0.36171875 0.38984375 0.153125 0.18203125
3 0.38125 0.68984375 0.16015625 0.178125
0 0.5296875 0.71953125 0.065625 0.1640625
0 0.16328125 0.8796875 0.11171875 0.23984375
0 0.89765625 0.9328125 0.04140625 0.134375