3 0.78515625 0.35703125 0.09375 0.2703125
3 0.7109375 0.52265625 0.15078125 0.12734375
3 0.740625 0.93359375 0.096875 0.1328125
0 0.65703125 0.3 0.08203125 0.20234375
0 0.15390625 0.46484375 0.065625 0.11796875
0 0.20234375 0.425 0.053125 0.08359375
0 0.46953125 0.58046875 0.0734375 0.09140625
3 0.596875 0.06484375 0.159375 0.1296875
3 0.921875 0.31328125 0.10390625 0.22578125
0 0.60390625 0.48515625 0.07265625 0.1515625
3 0.26484375 0.40703125 0.1296875 0.2578125
3 0.175 0.91640625 0.0875 0.1671875