0 0.86640625 0.77890625 0.0875 0.16875
0 0.59609375 0.36640625 0.1578125 0.1828125
0 0.5671875 0.609375 0.05625 0.134375
0 0.23046875 0.06875 0.0875 0.1125
3 0.2734375 0.18359375 0.065625 0.20625
3 0.39921875 0.565625 0.1375 0.23125
3 0.62265625 0.56953125 0.059375 0.271875
0 0.50078125 0.7421875 0.084375 0.146875
2 0.6953125 0.87734375 0.125 0.2453125
0 0.36796875 0.85390625 0.084375 0.125
3 0.278125 0.8125 0.128125 0.1578125
0 0.2625 0.953125 0.071875 0.084375
0 0.96640625 0.396875 0.0453125 0.075