2 0.56640625 0.303125 0.21875 0.35
0 0.66015625 0.73828125 0.0828125 0.11171875
0 0.5484375 0.565625 0.08125 0.109375
1 0.8015625 0.4984375 0.13203125 0.28515625
1 0.37578125 0.89609375 0.15390625 0.20234375
2 0.18671875 0.134375 0.12890625 0.25546875
1 0.10234375 0.39375 0.13984375 0.35
0 0.215625 0.3984375 0.08984375 0.13984375
0 0.55625 0.0453125 0.05625 0.090625
1 0.3609375 0.259375 0.16015625 0.23984375
2 0.240625 0.853125 0.1328125 0.19609375
3 0.728125 0.19765625 0.10703125 0.32265625
3 0.90546875 0.128125 0.115625 0.25546875
0 0.6140625 0.53671875 0.053125 0.09609375
3 0.934375 0.79140625 0.05625 0.1078125
0 0.78359375 0.125 0.07890625 0.140625