1 0.27890625 0.63046875 0.334375 0.171875
1 0.3609375 0.10703125 0.328125 0.0984375
1 0.084375 0.72890625 0.16875 0.1453125
2 0.90625 0.121875 0.1875 0.1125
0 0.553125 0.278125 0.146875 0.075
0 0.11328125 0.1609375 0.134375 0.075
0 0.096875 0.06171875 0.1484375 0.0609375
0 0.1125 0.25625 0.134375 0.071875
0 0.58671875 0.7390625 0.171875 0.0765625
0 0.73125 0.15078125 0.1390625 0.05
0 0.078125 0.35859375 0.1296875 0.0875
3 0.14375 0.48671875 0.15625 0.1609375
3 0.79375 0.75859375 0.271875 0.115625
0 0.8546875 0.64609375 0.15625 0.1125
3 0.278125 0.2234375 0.184375 0.1390625