2 0.13515625 0.865625 0.1203125 0.265625
1 0.49921875 0.478125 0.15078125 0.30546875
3 0.09375 0.69140625 0.08984375 0.2015625
2 0.84609375 0.5078125 0.07421875 0.2078125
1 0.2625 0.1234375 0.18515625 0.24609375
3 0.98203125 0.75234375 0.034375 0.23046875
0 0.296875 0.9015625 0.05390625 0.09453125
0 0.1328125 0.35703125 0.0390625 0.07421875
1 0.5859375 0.2703125 0.13671875 0.221875
0 0.63984375 0.46875 0.146875 0.2609375
2 0.22109375 0.36171875 0.1 0.25625
0 0.4421875 0.14375 0.1734375 0.28671875
0 0.6578125 0.0390625 0.12734375 0.078125