0 0.21953125 0.0640625 0.0828125 0.125
0 0.6828125 0.82109375 0.06328125 0.18125
0 0.79921875 0.64140625 0.08828125 0.12421875
2 0.578125 0.496875 0.1796875 0.17109375
2 0.66640625 0.60234375 0.08203125 0.1890625
1 0.19453125 0.85078125 0.1375 0.27265625
3 0.390625 0.1453125 0.1125 0.18203125
2 0.77734375 0.3140625 0.08046875 0.2578125
3 0.5625 0.90546875 0.153125 0.1890625
3 0.5703125 0.296875 0.153125 0.1484375
3 0.83828125 0.27578125 0.084375 0.2546875
0 0.21484375 0.53046875 0.090625 0.16640625
0 0.23359375 0.71171875 0.07734375 0.1515625
0 0.23671875 0.159375 0.08359375 0.125
0 0.7171875 0.96015625 0.08984375 0.07890625
0 0.47734375 0.64375 0.06328125 0.13828125