0 0.80546875 0.15625 0.16875 0.109375
0 0.68046875 0.121875 0.1390625 0.0625
1 0.7046875 0.3140625 0.3625 0.09375
1 0.62890625 0.48125 0.225 0.19375
1 0.96640625 0.54296875 0.0671875 0.1265625
1 0.85625 0.6984375 0.2875 0.125
0 0.49375 0.58046875 0.1140625 0.0875
0 0.84609375 0.51640625 0.1859375 0.071875
0 0.16171875 0.84609375 0.1375 0.084375
3 0.1828125 0.62578125 0.19375 0.1296875
0 0.3671875 0.56015625 0.175 0.0828125
0 0.19921875 0.22578125 0.159375 0.059375
0 0.353125 0.27734375 0.246875 0.178125