1 0.284375 0.70703125 0.17890625 0.21796875
1 0.78984375 0.19921875 0.17109375 0.2921875
1 0.446875 0.85390625 0.196875 0.17109375
1 0.52265625 0.15078125 0.16796875 0.29609375
2 0.0578125 0.27890625 0.1125 0.31015625
2 0.44609375 0.65 0.13046875 0.26015625
1 0.2703125 0.84296875 0.16796875 0.2171875
3 0.8234375 0.92109375 0.09765625 0.15078125
0 0.79921875 0.6796875 0.08515625 0.125
0 0.1453125 0.615625 0.09140625 0.16328125
3 0.6671875 0.22890625 0.09453125 0.32578125
2 0.696875 0.515625 0.15 0.253125
2 0.67109375 0.7203125 0.1921875 0.27421875
3 0.91796875 0.66875 0.13359375 0.26953125
1 0.1671875 0.90078125 0.13125 0.19765625