1 0.6046875 0.7671875 0.165625 0.25390625
3 0.846875 0.41171875 0.11328125 0.328125
3 0.621875 0.53046875 0.13046875 0.23046875
0 0.50234375 0.13984375 0.06875 0.11796875
1 0.09921875 0.55234375 0.1390625 0.303125
2 0.125 0.1703125 0.14921875 0.33046875
3 0.71484375 0.5 0.10546875 0.178125
3 0.70859375 0.9375 0.11875 0.11875
0 0.89453125 0.11640625 0.075 0.13203125
1 0.546875 0.93515625 0.128125 0.1296875
2 0.2546875 0.15703125 0.12109375 0.3140625
0 0.79296875 0.95625 0.04296875 0.0875
0 0.48125 0.54609375 0.0546875 0.13984375
0 0.37265625 0.77421875 0.0796875 0.153125