1 0.29765625 0.63203125 0.11953125 0.30546875
1 0.46171875 0.8875 0.1859375 0.17109375
3 0.6203125 0.10078125 0.175 0.2
0 0.159375 0.3796875 0.0625 0.1546875
0 0.91484375 0.0296875 0.08046875 0.05859375
1 0.853125 0.32265625 0.16875 0.35546875
0 0.85703125 0.6984375 0.05390625 0.13515625
0 0.23515625 0.74453125 0.0796875 0.16953125
1 0.21328125 0.1890625 0.121875 0.2953125
0 0.303125 0.340625 0.15390625 0.22890625
0 0.93671875 0.1765625 0.0421875 0.1578125
0 0.359375 0.59453125 0.06484375 0.14453125
2 0.2 0.8703125 0.09765625 0.21484375
2 0.09375 0.93828125 0.075 0.1234375
3 0.040625 0.03046875 0.0421875 0.06015625
2 0.28515625 0.121875 0.11484375 0.20625
3 0.56640625 0.54765625 0.0859375 0.171875
2 0.703125 0.86015625 0.08359375 0.23671875
2 0.59765625 0.3390625 0.15546875 0.2234375