2 0.25078125 0.6078125 0.14765625 0.2984375
0 0.21796875 0.82421875 0.0765625 0.134375
0 0.659375 0.86484375 0.09140625 0.15546875
2 0.55703125 0.71484375 0.16875 0.2296875
3 0.84296875 0.7375 0.153125 0.190625
0 0.96953125 0.8296875 0.04375 0.134375
0 0.96015625 0.9484375 0.03203125 0.09765625
3 0.89921875 0.44296875 0.0671875 0.25078125
0 0.70625 0.28984375 0.06171875 0.10625
3 0.79765625 0.42734375 0.153125 0.15703125
2 0.528125 0.0828125 0.11328125 0.16484375
0 0.75546875 0.0546875 0.084375 0.10859375
3 0.03515625 0.571875 0.0703125 0.240625