1 0.2828125 0.81875 0.1828125 0.2703125
3 0.15859375 0.8609375 0.121875 0.165625
1 0.1640625 0.5203125 0.171875 0.2625
0 0.1640625 0.36328125 0.0484375 0.0921875
3 0.23046875 0.359375 0.08125 0.08125
2 0.178125 0.14296875 0.1125 0.2484375
1 0.45625 0.2203125 0.20625 0.2078125
1 0.47578125 0.47109375 0.2203125 0.3625
0 0.6828125 0.1984375 0.06875 0.1453125
0 0.59609375 0.621875 0.06875 0.184375
0 0.95703125 0.04609375 0.040625 0.090625
1 0.89296875 0.92265625 0.1078125 0.1546875
2 0.6296875 0.90859375 0.171875 0.1828125