0 0.071875 0.17421875 0.07109375 0.0859375
0 0.65703125 0.10625 0.09296875 0.1859375
2 0.74375 0.453125 0.1984375 0.23671875
0 0.9 0.31171875 0.0453125 0.11953125
2 0.75078125 0.92890625 0.075 0.14140625
3 0.45 0.709375 0.15 0.3296875
2 0.34296875 0.678125 0.1015625 0.23203125
1 0.17265625 0.89375 0.0953125 0.2125
2 0.26171875 0.971875 0.0921875 0.05625
2 0.36171875 0.490625 0.14921875 0.1296875
3 0.19921875 0.57890625 0.1328125 0.2453125
0 0.2578125 0.609375 0.05390625 0.065625
3 0.103125 0.728125 0.0609375 0.17890625
3 0.01328125 0.95078125 0.01796875 0.09765625
3 0.440625 0.31953125 0.1203125 0.19375
3 0.459375 0.14609375 0.13359375 0.29140625