0 0.94609375 0.178125 0.05546875 0.0953125
0 0.74609375 0.30703125 0.1328125 0.24609375
0 0.696875 0.2109375 0.065625 0.11875
3 0.3515625 0.08203125 0.090625 0.16328125
2 0.178125 0.06953125 0.075 0.1390625
1 0.24375 0.45859375 0.15703125 0.23984375
1 0.6265625 0.5265625 0.16640625 0.29765625
0 0.7 0.6578125 0.0484375 0.1015625
3 0.778125 0.7515625 0.11171875 0.23125
0 0.5390625 0.803125 0.0859375 0.14296875
0 0.01796875 0.4125 0.0359375 0.146875
0 0.02421875 0.23671875 0.046875 0.20859375
3 0.0421875 0.06171875 0.0484375 0.12265625