0 0.1640625 0.73046875 0.0890625 0.159375
1 0.21171875 0.84453125 0.14453125 0.1921875
3 0.8953125 0.459375 0.0421875 0.215625
3 0.903125 0.71640625 0.09140625 0.2890625
3 0.84609375 0.62578125 0.0765625 0.29609375
1 0.7125 0.63125 0.165625 0.253125
0 0.33125 0.834375 0.06875 0.17265625
0 0.34296875 0.0390625 0.09296875 0.078125
0 0.64453125 0.1359375 0.075 0.1296875
3 0.68828125 0.215625 0.12578125 0.2703125
3 0.13515625 0.04453125 0.0609375 0.0890625
1 0.7484375 0.9109375 0.11484375 0.17734375
3 0.6703125 0.94375 0.05546875 0.1125
3 0.4296875 0.86171875 0.13828125 0.22109375