1 0.71640625 0.30625 0.12734375 0.30390625
1 0.1421875 0.62265625 0.11796875 0.25625
3 0.48203125 0.42109375 0.19609375 0.18125
1 0.58203125 0.20859375 0.14140625 0.34375
1 0.61328125 0.928125 0.16328125 0.14296875
0 0.20546875 0.27109375 0.09296875 0.1640625
0 0.3171875 0.3640625 0.11015625 0.20234375
1 0.2875 0.6171875 0.13828125 0.25625
3 0.71875 0.075 0.15546875 0.1484375
3 0.46796875 0.93125 0.1453125 0.1375
1 0.325 0.8765625 0.1140625 0.24140625
3 0.61328125 0.565625 0.171875 0.22578125
0 0.90859375 0.209375 0.06875 0.15703125
2 0.47109375 0.775 0.20078125 0.190625
0 0.740625 0.8140625 0.16015625 0.2296875
0 0.8140625 0.56171875 0.0796875 0.1515625
3 0.859375 0.2515625 0.05234375 0.2859375