3 0.14140625 0.26171875 0.159375 0.26796875
3 0.5953125 0.89609375 0.13359375 0.1109375
1 0.925 0.25 0.08359375 0.28046875
0 0.2578125 0.56796875 0.06171875 0.11171875
3 0.31171875 0.12890625 0.0890625 0.24453125
2 0.2015625 0.065625 0.11640625 0.13046875
1 0.46015625 0.615625 0.1890625 0.240625
0 0.6921875 0.20234375 0.153125 0.175
3 0.08203125 0.121875 0.06171875 0.24375
2 0.19921875 0.421875 0.1078125 0.2640625
0 0.15703125 0.5328125 0.059375 0.11796875
0 0.38203125 0.8640625 0.08046875 0.1640625
3 0.8171875 0.96484375 0.07109375 0.0703125