1 0.85234375 0.746875 0.16328125 0.34921875
1 0.68359375 0.4 0.2015625 0.265625
1 0.2578125 0.1734375 0.18671875 0.2578125
0 0.634375 0.696875 0.0625 0.13671875
0 0.76328125 0.7359375 0.05625 0.1375
0 0.16484375 0.80703125 0.06171875 0.11953125
0 0.11953125 0.63203125 0.04375 0.1578125
0 0.29296875 0.3125 0.06015625 0.09140625
3 0.415625 0.4 0.06875 0.28359375
3 0.33828125 0.53125 0.13671875 0.34609375
3 0.84453125 0.23203125 0.1640625 0.20859375
2 0.525 0.73515625 0.1359375 0.28203125
3 0.19453125 0.6484375 0.071875 0.14140625
0 0.92890625 0.0515625 0.0765625 0.103125