3 0.34453125 0.5953125 0.14453125 0.14765625
3 0.4265625 0.64140625 0.13671875 0.21875
1 0.46484375 0.790625 0.1109375 0.20234375
1 0.1328125 0.16953125 0.12109375 0.2859375
1 0.896875 0.30703125 0.14296875 0.34765625
0 0.76953125 0.35 0.075 0.13359375
0 0.37578125 0.82734375 0.08828125 0.1234375
1 0.525 0.04296875 0.171875 0.0859375
0 0.225 0.6953125 0.07265625 0.11875
2 0.55859375 0.76875 0.15546875 0.23671875
1 0.8078125 0.14140625 0.04609375 0.28203125
0 0.75546875 0.9484375 0.0734375 0.103125
0 0.5484375 0.603125 0.090625 0.1125
0 0.62265625 0.2109375 0.14609375 0.20390625
3 0.31015625 0.3171875 0.1015625 0.2671875
3 0.734375 0.15234375 0.12421875 0.3046875
2 0.54140625 0.3765625 0.0734375 0.1875
0 0.59765625 0.46796875 0.0859375 0.16953125
0 0.575 0.93515625 0.08828125 0.1203125
0 0.6765625 0.9375 0.08046875 0.125
2 0.27890625 0.48359375 0.13203125 0.1671875