1 0.7875 0.51015625 0.1328125 0.3453125
1 0.2625 0.95625 0.146875 0.0875
1 0.2265625 0.09375 0.140625 0.1875
1 0.0859375 0.09609375 0.1328125 0.190625
1 0.40859375 0.934375 0.165625 0.13125
2 0.90625 0.41171875 0.125 0.3
0 0.7125 0.4015625 0.0875 0.209375
0 0.809375 0.1953125 0.0765625 0.109375
0 0.39375 0.0296875 0.065625 0.059375
0 0.17421875 0.3625 0.075 0.171875
0 0.56875 0.51875 0.0875 0.1515625
3 0.5171875 0.26640625 0.084375 0.33125
3 0.61328125 0.3515625 0.125 0.3875
0 0.89765625 0.89765625 0.078125 0.14375
0 0.17421875 0.809375 0.109375 0.2921875
3 0.6453125 0.10546875 0.0765625 0.209375