0 0.69140625 0.8296875 0.20625 0.090625
2 0.6953125 0.90390625 0.184375 0.0640625
0 0.5875 0.7328125 0.196875 0.0703125
3 0.62578125 0.615625 0.10625 0.0546875
1 0.41484375 0.5890625 0.159375 0.2125
2 0.31640625 0.73984375 0.221875 0.0859375
2 0.1484375 0.534375 0.2421875 0.1765625
3 0.34609375 0.8703125 0.3125 0.096875
2 0.4125 0.9578125 0.128125 0.08125
0 0.1875 0.66875 0.178125 0.1015625
3 0.76796875 0.4125 0.2015625 0.18125
1 0.3203125 0.2734375 0.2421875 0.121875
0 0.3203125 0.08828125 0.10625 0.0546875
0 0.07265625 0.21875 0.14375 0.125
0 0.08046875 0.4453125 0.103125 0.0890625
1 0.5484375 0.54140625 0.128125 0.1