3 0.59375 0.6484375 0.1671875 0.2765625
3 0.3859375 0.32109375 0.13671875 0.1421875
3 0.1953125 0.60703125 0.14296875 0.121875
1 0.73671875 0.40234375 0.121875 0.3078125
0 0.30625 0.15703125 0.05625 0.13671875
2 0.82578125 0.9328125 0.125 0.134375
0 0.4375 0.67421875 0.06875 0.121875
0 0.8921875 0.89140625 0.06171875 0.12421875
0 0.04921875 0.28203125 0.065625 0.11171875
0 0.9734375 0.31796875 0.053125 0.103125
3 0.81484375 0.3984375 0.0625 0.14140625
2 0.8984375 0.31328125 0.09375 0.2734375
0 0.19609375 0.02734375 0.071875 0.053125
0 0.59453125 0.075 0.0640625 0.15
0 0.815625 0.59375 0.153125 0.25234375
0 0.53359375 0.55546875 0.05078125 0.07734375
3 0.23125 0.9453125 0.08828125 0.10859375