1 0.740625 0.7859375 0.12734375 0.2203125
1 0.38828125 0.0796875 0.14453125 0.15859375
0 0.45859375 0.3453125 0.07265625 0.14921875
0 0.4078125 0.3828125 0.075 0.08203125
0 0.55234375 0.45625 0.09609375 0.16640625
2 0.40546875 0.5359375 0.1515625 0.2421875
2 0.63671875 0.93046875 0.14453125 0.1390625
3 0.9390625 0.88046875 0.05859375 0.16484375
2 0.7265625 0.134375 0.16171875 0.22109375
0 0.1359375 0.1125 0.04765625 0.109375
0 0.10625 0.37734375 0.0828125 0.1578125
3 0.1234375 0.58203125 0.09296875 0.11640625
0 0.22421875 0.94140625 0.06640625 0.1171875
0 0.38984375 0.6921875 0.06484375 0.153125