1 0.48046875 0.8265625 0.18203125 0.27890625
1 0.2203125 0.65859375 0.1421875 0.21015625
2 0.2609375 0.0609375 0.1484375 0.1203125
1 0.4390625 0.43203125 0.18671875 0.2921875
1 0.6078125 0.62265625 0.11015625 0.1640625
0 0.6609375 0.48046875 0.053125 0.1421875
3 0.02421875 0.265625 0.0484375 0.22265625
0 0.33828125 0.93203125 0.06796875 0.12109375
2 0.74921875 0.93828125 0.1671875 0.1203125
3 0.45234375 0.234375 0.08671875 0.253125
0 0.03515625 0.0921875 0.03359375 0.0953125
0 0.4875 0.07109375 0.1265625 0.14140625
0 0.34375 0.25234375 0.08515625 0.08515625
2 0.7859375 0.26484375 0.14375 0.23828125