1 0.80625 0.41484375 0.31875 0.15
1 0.7609375 0.1015625 0.21875 0.1234375
1 0.8609375 0.68125 0.1875 0.1828125
3 0.37734375 0.9296875 0.346875 0.08125
1 0.7703125 0.93359375 0.3140625 0.0640625
0 0.38046875 0.50390625 0.190625 0.053125
0 0.378125 0.7078125 0.128125 0.0734375
2 0.58046875 0.53359375 0.29375 0.1890625
1 0.7765625 0.28359375 0.3 0.103125
0 0.91796875 0.3390625 0.1375 0.075
0 0.04765625 0.61015625 0.090625 0.1171875
0 0.06171875 0.6984375 0.1234375 0.0625
3 0.27890625 0.29296875 0.20625 0.134375
0 0.91953125 0.55703125 0.159375 0.059375