0 0.60234375 0.178125 0.06171875 0.12578125
0 0.69921875 0.10625 0.07734375 0.16015625
0 0.815625 0.11953125 0.06015625 0.13203125
0 0.91640625 0.09375 0.03984375 0.12578125
0 0.93671875 0.046875 0.0453125 0.09296875
0 0.86484375 0.10234375 0.03671875 0.059375
0 0.875 0.14921875 0.04140625 0.09296875
0 0.903125 0.2578125 0.05703125 0.16328125
0 0.83359375 0.21875 0.0421875 0.16171875
0 0.80703125 0.28984375 0.0625 0.14375
0 0.9390625 0.34140625 0.05 0.13359375
0 0.88359375 0.38828125 0.06171875 0.0984375
0 0.79296875 0.17421875 0.04296875 0.08125
0 0.8015625 0.03125 0.075 0.0625