1 0.64921875 0.93046875 0.1828125 0.1390625
1 0.07578125 0.478125 0.09609375 0.29453125
1 0.27578125 0.13828125 0.17265625 0.2765625
1 0.49921875 0.74609375 0.1765625 0.3015625
1 0.33125 0.9015625 0.0890625 0.196875
0 0.765625 0.753125 0.0734375 0.13359375
0 0.475 0.14921875 0.07109375 0.10546875
0 0.4703125 0.965625 0.0765625 0.065625
3 0.6765625 0.3015625 0.08125 0.13828125
1 0.2046875 0.92109375 0.1171875 0.1578125
0 0.8328125 0.7515625 0.0625 0.14765625
0 0.725 0.5421875 0.06484375 0.10859375
1 0.6765625 0.68203125 0.11171875 0.3265625