2 0.8515625 0.0625 0.12734375 0.12109375
1 0.284375 0.8921875 0.12109375 0.2140625
0 0.15625 0.490625 0.103125 0.19140625
1 0.3734375 0.8015625 0.19296875 0.23515625
1 0.6296875 0.0546875 0.10625 0.109375
3 0.2453125 0.0390625 0.1578125 0.0734375
2 0.61328125 0.409375 0.18203125 0.3453125
3 0.07734375 0.61171875 0.0734375 0.2203125
3 0.42734375 0.5609375 0.1796875 0.23046875
0 0.0359375 0.06796875 0.03359375 0.07109375
1 0.71015625 0.1484375 0.140625 0.2421875
3 0.4 0.21640625 0.221875 0.24609375
3 0.80625 0.5015625 0.11640625 0.3515625
1 0.9109375 0.609375 0.15234375 0.284375
1 0.86953125 0.24140625 0.15 0.22890625