0 0.3296875 0.64609375 0.08828125 0.11796875
2 0.2890625 0.88984375 0.17421875 0.21796875
1 0.159375 0.6546875 0.09140625 0.21796875
1 0.15390625 0.81796875 0.1125 0.153125
2 0.5484375 0.9515625 0.10390625 0.096875
2 0.38828125 0.884375 0.09609375 0.1453125
2 0.7859375 0.19140625 0.1328125 0.1703125
3 0.36640625 0.253125 0.16171875 0.25390625
3 0.51484375 0.15234375 0.13984375 0.2
1 0.4140625 0.07421875 0.08671875 0.14765625
0 0.05 0.12421875 0.04609375 0.11328125
0 0.053125 0.49921875 0.05859375 0.12109375
0 0.0671875 0.0265625 0.0390625 0.053125