3 0.7015625 0.828125 0.1515625 0.1859375
0 0.6234375 0.94453125 0.071875 0.1109375
0 0.565625 0.928125 0.078125 0.14375
2 0.42890625 0.8734375 0.078125 0.253125
0 0.5171875 0.5234375 0.0515625 0.1390625
0 0.521875 0.39140625 0.090625 0.128125
1 0.4359375 0.59765625 0.153125 0.3140625
0 0.3125 0.3765625 0.06875 0.1015625
0 0.18125 0.2125 0.059375 0.146875
2 0.175 0.80390625 0.075 0.25
0 0.075 0.78046875 0.046875 0.1484375
2 0.94609375 0.4765625 0.0703125 0.2875
0 0.50390625 0.846875 0.1296875 0.175