1 0.7859375 0.78828125 0.13515625 0.3125
2 0.84921875 0.4140625 0.1078125 0.2578125
1 0.7234375 0.0859375 0.14765625 0.17109375
0 0.4546875 0.8 0.0859375 0.1421875
3 0.2234375 0.11875 0.17578125 0.19765625
0 0.6203125 0.44140625 0.09453125 0.17109375
3 0.69453125 0.4 0.0734375 0.27890625
3 0.40703125 0.6609375 0.12578125 0.30078125
0 0.09296875 0.203125 0.05234375 0.159375
0 0.2796875 0.34921875 0.075 0.10859375
0 0.60546875 0.19453125 0.175 0.29140625
0 0.40859375 0.46015625 0.07109375 0.1109375
0 0.675 0.96640625 0.07734375 0.06640625
0 0.884375 0.159375 0.0734375 0.15234375
0 0.57578125 0.675 0.0796875 0.125
0 0.68984375 0.64140625 0.0640625 0.15234375