3 0.21796875 0.36171875 0.0671875 0.259375
1 0.29375 0.4140625 0.13359375 0.32421875
1 0.50234375 0.278125 0.1359375 0.31953125
1 0.47578125 0.6234375 0.1859375 0.271875
0 0.6625 0.8390625 0.08046875 0.1609375
0 0.5734375 0.8140625 0.0890625 0.14140625
0 0.58515625 0.93984375 0.1640625 0.1203125
3 0.63125 0.6203125 0.16171875 0.3015625
3 0.56875 0.225 0.10703125 0.2671875
1 0.7734375 0.53515625 0.15 0.30078125
1 0.92265625 0.74765625 0.0765625 0.25390625
0 0.84921875 0.13671875 0.06796875 0.12890625
1 0.75546875 0.2625 0.12734375 0.32734375
2 0.48515625 0.83984375 0.15 0.25625
3 0.2015625 0.13203125 0.16171875 0.2125