0 0.65546875 0.05 0.06484375 0.09921875
0 0.42265625 0.35078125 0.10078125 0.13984375
2 0.92265625 0.3328125 0.08984375 0.33203125
0 0.140625 0.0984375 0.0421875 0.08515625
0 0.9578125 0.96875 0.03046875 0.0625
0 0.91796875 0.9703125 0.0515625 0.059375
1 0.596875 0.84921875 0.18203125 0.29609375
1 0.46796875 0.90234375 0.1546875 0.19453125
0 0.3640625 0.9546875 0.06875 0.08984375
0 0.309375 0.634375 0.0859375 0.115625
0 0.5046875 0.44140625 0.08984375 0.0609375
0 0.309375 0.36640625 0.07890625 0.14453125
0 0.2703125 0.29296875 0.07890625 0.090625
0 0.77109375 0.41015625 0.0578125 0.153125