1 0.58515625 0.19375 0.15 0.31875
1 0.8984375 0.2390625 0.1234375 0.21875
1 0.31875 0.1390625 0.1828125 0.1875
3 0.0703125 0.62265625 0.08125 0.346875
1 0.06640625 0.2296875 0.0640625 0.3140625
0 0.49609375 0.61953125 0.053125 0.190625
0 0.2921875 0.621875 0.0734375 0.128125
2 0.46640625 0.41953125 0.1890625 0.29375
1 0.71640625 0.2234375 0.103125 0.3
0 0.6609375 0.08203125 0.075 0.1375
0 0.38984375 0.95234375 0.1171875 0.090625
0 0.3015625 0.93828125 0.0625 0.1234375
3 0.70703125 0.72109375 0.134375 0.20625
0 0.44296875 0.08046875 0.059375 0.159375