1 0.61640625 0.11640625 0.17109375 0.22578125
2 0.2578125 0.10703125 0.16015625 0.20390625
0 0.809375 0.30078125 0.07421875 0.08046875
1 0.43203125 0.3015625 0.1734375 0.1703125
2 0.690625 0.64375 0.1390625 0.2578125
0 0.14921875 0.49375 0.06484375 0.14921875
3 0.08046875 0.5671875 0.09296875 0.21015625
0 0.40390625 0.1609375 0.07265625 0.1515625
1 0.37890625 0.01953125 0.11796875 0.0359375
3 0.9796875 0.8296875 0.040625 0.20703125
0 0.96015625 0.9671875 0.03359375 0.065625
0 0.2359375 0.32890625 0.146875 0.24765625
3 0.33125 0.18671875 0.075 0.19140625
1 0.08671875 0.1515625 0.11796875 0.26484375
1 0.3625 0.7140625 0.12734375 0.26328125