2 0.25078125 0.3921875 0.1484375 0.2984375
0 0.21796875 0.17578125 0.0765625 0.134375
0 0.659375 0.13515625 0.0921875 0.15625
2 0.55703125 0.28515625 0.16875 0.2296875
3 0.84296875 0.2625 0.153125 0.190625
0 0.96953125 0.1703125 0.04375 0.134375
0 0.96015625 0.0515625 0.03125 0.096875
3 0.89921875 0.55703125 0.0671875 0.25
0 0.70625 0.71015625 0.0625 0.10625
3 0.79765625 0.57265625 0.153125 0.1578125
2 0.528125 0.9171875 0.1140625 0.165625
0 0.75546875 0.9453125 0.084375 0.109375
3 0.03515625 0.428125 0.0703125 0.240625