2 0.375 0.10546875 0.10625 0.2046875
0 0.709375 0.20625 0.0734375 0.1609375
0 0.859375 0.7484375 0.05703125 0.10546875
3 0.3765625 0.8546875 0.07109375 0.27578125
0 0.59765625 0.046875 0.08984375 0.09140625
2 0.3796875 0.27578125 0.1359375 0.22265625
1 0.253125 0.1234375 0.10546875 0.240625
0 0.20703125 0.88984375 0.08203125 0.10546875
3 0.5671875 0.2921875 0.21328125 0.290625
3 0.02421875 0.24765625 0.040625 0.2359375
0 0.13125 0.6046875 0.08203125 0.14921875
0 0.509375 0.70078125 0.096875 0.16796875