1 0.590625 0.74609375 0.1875 0.2765625
1 0.48984375 0.9109375 0.121875 0.178125
1 0.4484375 0.76875 0.090625 0.1890625
1 0.33828125 0.8359375 0.140625 0.253125
3 0.36328125 0.96015625 0.1046875 0.0796875
2 0.33359375 0.5796875 0.115625 0.2875
3 0.378125 0.11953125 0.1375 0.2375
0 0.8421875 0.34375 0.059375 0.1390625
0 0.90703125 0.415625 0.078125 0.190625
1 0.1453125 0.0703125 0.078125 0.140625
1 0.0703125 0.52265625 0.1 0.2734375
0 0.2015625 0.6 0.1046875 0.11875
0 0.13359375 0.55078125 0.11875 0.25
2 0.384375 0.35703125 0.15 0.2265625