1 0.8421875 0.56796875 0.10625 0.30234375
1 0.68203125 0.1171875 0.1796875 0.234375
1 0.23828125 0.74765625 0.14453125 0.28203125
3 0.0921875 0.475 0.07109375 0.28984375
3 0.46640625 0.8 0.1296875 0.296875
3 0.96171875 0.140625 0.075 0.2796875
1 0.54140625 0.05546875 0.15625 0.1109375
3 0.33671875 0.91640625 0.1328125 0.1671875
3 0.725 0.371875 0.16015625 0.26875
3 0.23984375 0.421875 0.14609375 0.29765625
3 0.32265625 0.56015625 0.18203125 0.22578125
0 0.15078125 0.29296875 0.0734375 0.09140625
0 0.22421875 0.2453125 0.0859375 0.12890625
3 0.65234375 0.94140625 0.0953125 0.1171875