0 0.0453125 0.46015625 0.05859375 0.11015625
0 0.0671875 0.29609375 0.0546875 0.1390625
0 0.075 0.178125 0.06015625 0.1046875
1 0.5203125 0.140625 0.19375 0.18671875
0 0.67890625 0.103125 0.06171875 0.128125
0 0.8015625 0.2078125 0.0828125 0.15859375
0 0.40234375 0.33203125 0.0984375 0.18203125
0 0.3859375 0.5796875 0.090625 0.159375
1 0.71953125 0.73125 0.1890625 0.2484375
0 0.87734375 0.77890625 0.0953125 0.16953125
0 0.6875 0.87421875 0.084375 0.09296875
0 0.58046875 0.33984375 0.0765625 0.11953125