1 0.48671875 0.65 0.15625 0.35
3 0.628125 0.65859375 0.125 0.22734375
1 0.721875 0.58125 0.13515625 0.3421875
2 0.1796875 0.29453125 0.13671875 0.3453125
1 0.29921875 0.2375 0.15234375 0.378125
0 0.2515625 0.0953125 0.05859375 0.11015625
1 0.64375 0.040625 0.1671875 0.08046875
0 0.703125 0.20390625 0.06328125 0.1328125
0 0.3265625 0.3765625 0.05234375 0.1
0 0.82109375 0.8 0.065625 0.09453125
1 0.26875 0.03125 0.09765625 0.06015625
3 0.5234375 0.290625 0.1640625 0.15
2 0.49921875 0.390625 0.17109375 0.19765625
1 0.39765625 0.0484375 0.146875 0.09609375