1 0.3953125 0.2328125 0.165625 0.25390625
3 0.153125 0.58828125 0.11328125 0.328125
3 0.378125 0.46953125 0.13046875 0.23046875
0 0.49765625 0.86015625 0.06875 0.11796875
1 0.90078125 0.44765625 0.1390625 0.303125
2 0.875 0.8296875 0.14921875 0.33046875
3 0.28515625 0.5 0.10546875 0.178125
3 0.29140625 0.0625 0.11875 0.11875
0 0.10546875 0.88359375 0.075 0.13203125
1 0.453125 0.06484375 0.128125 0.1296875
2 0.7453125 0.84296875 0.12109375 0.3140625
0 0.20703125 0.04375 0.04296875 0.0875
0 0.51875 0.45390625 0.0546875 0.13984375
0 0.62734375 0.22578125 0.0796875 0.153125