1 0.5515625 0.84140625 0.14921875 0.2875
0 0.66640625 0.83828125 0.08515625 0.14609375
3 0.715625 0.87421875 0.13203125 0.16875
3 0.78203125 0.75703125 0.08359375 0.20546875
0 0.77421875 0.23515625 0.0828125 0.09375
3 0.09140625 0.5453125 0.125 0.203125
0 0.71171875 0.2265625 0.0515625 0.0765625
3 0.2140625 0.24765625 0.13828125 0.15703125
1 0.5984375 0.96953125 0.1671875 0.06015625
0 0.4546875 0.846875 0.065625 0.1203125
0 0.75 0.36796875 0.090625 0.14609375
3 0.690625 0.696875 0.19609375 0.22578125