1 0.36953125 0.27890625 0.171875 0.33515625
1 0.89296875 0.3609375 0.0984375 0.328125
1 0.27109375 0.084375 0.1453125 0.16875
3 0.878125 0.90625 0.1125 0.1875
0 0.721875 0.553125 0.07421875 0.146875
0 0.8390625 0.11328125 0.07578125 0.13359375
0 0.93828125 0.096875 0.0609375 0.1484375
0 0.74375 0.1125 0.071875 0.13515625
0 0.2609375 0.58671875 0.0765625 0.17265625
0 0.84921875 0.73125 0.05078125 0.1390625
0 0.64140625 0.078125 0.08671875 0.1296875
3 0.51328125 0.14375 0.1609375 0.15703125
3 0.24140625 0.79375 0.115625 0.271875
0 0.35390625 0.8546875 0.11171875 0.15625
3 0.7765625 0.278125 0.1390625 0.184375