3 0.7015625 0.171875 0.1515625 0.1859375
0 0.6234375 0.05546875 0.071875 0.1109375
0 0.565625 0.071875 0.078125 0.14296875
2 0.42890625 0.1265625 0.07734375 0.25234375
0 0.5171875 0.4765625 0.0515625 0.1390625
0 0.521875 0.60859375 0.08984375 0.12890625
1 0.4359375 0.40234375 0.153125 0.3140625
0 0.3125 0.6234375 0.06953125 0.1015625
0 0.18125 0.7875 0.059375 0.14609375
2 0.175 0.19609375 0.075 0.25
0 0.075 0.21953125 0.04609375 0.1484375
2 0.94609375 0.5234375 0.0703125 0.2875
0 0.50390625 0.153125 0.1296875 0.17578125
3 0.32890625 0.41796875 0.11015625 0.221875