0 0.21953125 0.9359375 0.0828125 0.125
0 0.6828125 0.17890625 0.06328125 0.18125
0 0.79921875 0.35859375 0.08828125 0.12421875
2 0.578125 0.503125 0.1796875 0.17109375
2 0.66640625 0.39765625 0.08203125 0.1890625
1 0.19453125 0.14921875 0.1375 0.27265625
3 0.390625 0.8546875 0.1125 0.18203125
2 0.77734375 0.6859375 0.08046875 0.2578125
3 0.5625 0.09453125 0.153125 0.1890625
3 0.5703125 0.703125 0.153125 0.1484375
3 0.83828125 0.72421875 0.084375 0.2546875
0 0.21484375 0.46953125 0.090625 0.16640625
0 0.23359375 0.28828125 0.07734375 0.1515625
0 0.23671875 0.840625 0.08359375 0.125
0 0.7171875 0.03984375 0.08984375 0.07890625
0 0.47734375 0.35625 0.06328125 0.13828125