1 0.45234375 0.25546875 0.20078125 0.2578125
1 0.275 0.428125 0.13671875 0.353125
1 0.89921875 0.90625 0.109375 0.1875
3 0.11171875 0.4265625 0.065625 0.2015625
1 0.2515625 0.09375 0.11328125 0.184375
0 0.0578125 0.47421875 0.05 0.09609375
1 0.35703125 0.73828125 0.103125 0.3421875
3 0.53828125 0.1359375 0.17109375 0.18046875
3 0.89296875 0.51015625 0.075 0.30703125
1 0.83984375 0.28515625 0.128125 0.37265625
2 0.778125 0.08984375 0.15625 0.1796875
2 0.665625 0.840625 0.15 0.184375
3 0.5390625 0.5640625 0.11796875 0.303125