0 0.8140625 0.25859375 0.0953125 0.19375
1 0.6046875 0.14453125 0.1390625 0.2890625
1 0.41171875 0.18671875 0.178125 0.290625
0 0.5109375 0.75859375 0.0890625 0.1375
0 0.559375 0.85078125 0.0875 0.175
0 0.6046875 0.95859375 0.071875 0.08125
0 0.30703125 0.46875 0.078125 0.1578125
0 0.42578125 0.39921875 0.090625 0.10625
0 0.46328125 0.290625 0.084375 0.109375
0 0.68671875 0.2609375 0.06875 0.13125
1 0.16640625 0.38046875 0.153125 0.3296875
0 0.2125 0.765625 0.0671875 0.134375
1 0.46328125 0.58125 0.209375 0.2390625