0 0.42265625 0.7671875 0.06484375 0.153125
0 0.4765625 0.834375 0.04140625 0.06953125
0 0.18515625 0.1125 0.071875 0.14765625
0 0.01484375 0.31328125 0.0296875 0.1453125
0 0.29453125 0.08515625 0.1046875 0.1671875
0 0.41328125 0.0546875 0.0796875 0.109375
0 0.428125 0.2546875 0.08828125 0.1609375
0 0.48203125 0.2046875 0.075 0.1421875
0 0.4828125 0.321875 0.075 0.1
0 0.3921875 0.3921875 0.084375 0.11953125
0 0.5421875 0.4984375 0.07890625 0.18125
0 0.52265625 0.36328125 0.053125 0.08828125
0 0.56484375 0.30703125 0.09375 0.18125
0 0.5859375 0.24765625 0.0703125 0.17734375
0 0.58671875 0.09140625 0.08359375 0.12890625
0 0.67421875 0.0703125 0.0953125 0.1265625
0 0.65 0.17265625 0.10625 0.18125
0 0.6953125 0.184375 0.03515625 0.09140625
0 0.7375 0.12421875 0.05625 0.078125
0 0.61171875 0.421875 0.08515625 0.09296875
0 0.65625 0.35625 0.0734375 0.128125
0 0.6140625 0.528125 0.07265625 0.12578125
0 0.7328125 0.5828125 0.06796875 0.1078125
0 0.26015625 0.18984375 0.0640625 0.09609375
0 0.73515625 0.21796875 0.05 0.1421875