1 0.75703125 0.784375 0.165625 0.2671875
0 0.7625 0.94296875 0.084375 0.10703125
3 0.2265625 0.92890625 0.14296875 0.13046875
1 0.89296875 0.784375 0.1203125 0.1828125
3 0.65859375 0.51328125 0.1484375 0.28046875
0 0.56796875 0.39921875 0.0953125 0.121875
2 0.47578125 0.54140625 0.11328125 0.2015625
3 0.93046875 0.33515625 0.0765625 0.24375
0 0.14453125 0.53984375 0.08203125 0.17578125
3 0.4328125 0.06484375 0.0765625 0.12890625
0 0.9125 0.04921875 0.065625 0.0984375
0 0.3875 0.92734375 0.0828125 0.1453125