2 0.20546875 0.7484375 0.1375 0.25546875
1 0.29609375 0.4796875 0.15546875 0.30703125
1 0.4203125 0.52890625 0.11015625 0.36484375
1 0.5578125 0.084375 0.140625 0.16796875
0 0.70703125 0.05234375 0.059375 0.1015625
1 0.81015625 0.71171875 0.10546875 0.27265625
0 0.90390625 0.70703125 0.06015625 0.0953125
1 0.65 0.87265625 0.128125 0.2546875
0 0.58203125 0.92734375 0.1265625 0.1453125
3 0.38125 0.95703125 0.13125 0.0859375
0 0.47734375 0.94375 0.0703125 0.11171875
1 0.32890625 0.115625 0.1515625 0.23046875