0 0.17890625 0.27265625 0.11875 0.0875
3 0.49609375 0.084375 0.246875 0.0578125
0 0.1 0.578125 0.10625 0.084375
0 0.16484375 0.73671875 0.15 0.0453125
0 0.253125 0.890625 0.1203125 0.0625
3 0.0515625 0.9296875 0.103125 0.071875
3 0.21953125 0.64609375 0.3125 0.1390625
3 0.10234375 0.1828125 0.1984375 0.075
0 0.7484375 0.4875 0.125 0.084375
0 0.73046875 0.57421875 0.0625 0.084375
2 0.66953125 0.378125 0.128125 0.15625
1 0.9234375 0.1890625 0.153125 0.165625
0 0.63671875 0.5609375 0.128125 0.078125
3 0.71953125 0.78671875 0.08125 0.053125
2 0.9 0.49140625 0.2 0.103125