1 0.31328125 0.7265625 0.1828125 0.23046875
1 0.2578125 0.08046875 0.12578125 0.16015625
2 0.2796875 0.4421875 0.13828125 0.3375
1 0.89921875 0.7234375 0.11015625 0.33359375
1 0.50390625 0.7 0.18515625 0.28125
3 0.06171875 0.4640625 0.08515625 0.12734375
0 0.16875 0.12421875 0.078125 0.12578125
0 0.21328125 0.24609375 0.0640625 0.10234375
0 0.69765625 0.0984375 0.0484375 0.0890625
2 0.6171875 0.11953125 0.1625 0.2390625
0 0.3484375 0.2703125 0.1 0.178125
0 0.178125 0.03203125 0.04453125 0.0640625