1 0.6921875 0.49375 0.171875 0.221875
2 0.3625 0.39296875 0.1890625 0.31875
2 0.14375 0.76953125 0.121875 0.30625
2 0.3796875 0.72265625 0.2171875 0.3125
1 0.78828125 0.2703125 0.20625 0.3
1 0.45859375 0.196875 0.184375 0.1890625
1 0.3046875 0.115625 0.1421875 0.23125
1 0.16015625 0.12421875 0.1125 0.240625
2 0.6203125 0.1875 0.1375 0.2515625
3 0.41484375 0.090625 0.1234375 0.125
0 0.92890625 0.54140625 0.08125 0.15625
3 0.61640625 0.8625 0.146875 0.246875
0 0.41640625 0.96015625 0.0953125 0.0796875
0 0.1953125 0.946875 0.0546875 0.10625