2 0.8296875 0.865625 0.340625 0.115625
1 0.6015625 0.9015625 0.309375 0.0921875
0 0.75703125 0.925 0.11875 0.05
0 0.8796875 0.74296875 0.240625 0.109375
1 0.9375 0.8 0.125 0.1
1 0.91640625 0.471875 0.165625 0.228125
1 0.88203125 0.2734375 0.2359375 0.18125
0 0.7484375 0.5265625 0.115625 0.1046875
0 0.65703125 0.33125 0.290625 0.209375
1 0.56328125 0.18125 0.490625 0.2171875
1 0.24296875 0.1125 0.25625 0.146875
0 0.35625 0.725 0.0875 0.0875
0 0.628125 0.0515625 0.2125 0.05625
2 0.88046875 0.49921875 0.1703125 0.196875