1 0.55703125 0.78125 0.171875 0.26171875
0 0.69375 0.9 0.07890625 0.14296875
0 0.34609375 0.81328125 0.07109375 0.1921875
0 0.47421875 0.8890625 0.11875 0.2109375
3 0.82890625 0.77578125 0.0640625 0.27578125
1 0.734375 0.60546875 0.1859375 0.32265625
1 0.8015625 0.3546875 0.13671875 0.275
0 0.70703125 0.38046875 0.08828125 0.1625
0 0.97109375 0.34765625 0.0515625 0.1203125
0 0.15546875 0.21015625 0.10859375 0.11171875
2 0.225 0.11953125 0.14609375 0.23828125
1 0.29453125 0.37109375 0.14453125 0.334375
3 0.66640625 0.17109375 0.15390625 0.28671875
3 0.10390625 0.08046875 0.06171875 0.14765625