1 0.5109375 0.49296875 0.18515625 0.34140625
1 0.16640625 0.16015625 0.1421875 0.1828125
0 0.509375 0.071875 0.0828125 0.14296875
0 0.7546875 0.14375 0.10703125 0.21640625
0 0.83359375 0.7453125 0.071875 0.15625
0 0.7921875 0.51640625 0.06875 0.14296875
0 0.43203125 0.8921875 0.07734375 0.15390625
3 0.5734375 0.9359375 0.08125 0.1265625
0 0.62421875 0.9265625 0.065625 0.1328125
2 0.696875 0.93359375 0.08671875 0.13203125
3 0.7453125 0.84375 0.06640625 0.18203125
0 0.615625 0.43515625 0.084375 0.1328125
2 0.65703125 0.7765625 0.15625 0.2234375
0 0.54921875 0.746875 0.0921875 0.17734375
0 0.1734375 0.91328125 0.10703125 0.15859375