0 0.33359375 0.61875 0.07109375 0.1171875
3 0.83515625 0.81875 0.12421875 0.13984375
0 0.66328125 0.48515625 0.059375 0.13125
3 0.596875 0.49765625 0.12109375 0.25390625
0 0.6828125 0.03359375 0.0875 0.0671875
0 0.0734375 0.8359375 0.07109375 0.1140625
3 0.32421875 0.225 0.171875 0.22421875
0 0.82734375 0.65 0.0703125 0.16171875
0 0.875 0.5890625 0.0421875 0.1078125
0 0.58984375 0.28046875 0.07421875 0.11484375
0 0.5 0.175 0.084375 0.08359375
2 0.06796875 0.3125 0.08671875 0.32734375
0 0.734375 0.35546875 0.08046875 0.11875
0 0.68125 0.28125 0.05859375 0.12890625
2 0.46875 0.81015625 0.1390625 0.3796875
0 0.41640625 0.71328125 0.05625 0.13203125