0 0.80390625 0.73359375 0.07890625 0.15859375
1 0.346875 0.8171875 0.165625 0.28125
1 0.32109375 0.48515625 0.1453125 0.30625
0 0.0890625 0.50390625 0.0640625 0.1515625
1 0.0625 0.93203125 0.103125 0.1359375
2 0.22265625 0.92734375 0.15703125 0.1453125
0 0.546875 0.94453125 0.07109375 0.1078125
2 0.58828125 0.63125 0.2265625 0.3703125
1 0.58828125 0.07109375 0.11796875 0.134375
3 0.13984375 0.60625 0.08984375 0.22578125
0 0.07890625 0.38671875 0.0578125 0.10859375
2 0.46875 0.60234375 0.13984375 0.346875
3 0.8453125 0.57890625 0.12890625 0.16484375
0 0.3140625 0.071875 0.128125 0.14375
2 0.184375 0.29296875 0.1296875 0.2515625
0 0.578125 0.1828125 0.12109375 0.09375
3 0.409375 0.271875 0.20859375 0.290625