0 0.8828125 0.28828125 0.121875 0.0953125
1 0.77734375 0.37265625 0.315625 0.159375
2 0.7515625 0.49296875 0.328125 0.109375
3 0.83984375 0.60390625 0.1546875 0.125
1 0.67890625 0.69609375 0.259375 0.121875
1 0.67734375 0.9078125 0.24375 0.1390625
0 0.51328125 0.79140625 0.1125 0.0828125
0 0.278125 0.83671875 0.09375 0.0625
0 0.19921875 0.77890625 0.096875 0.046875
1 0.1921875 0.69609375 0.25 0.1015625
1 0.36484375 0.58515625 0.328125 0.209375
0 0.053125 0.171875 0.1 0.0671875
3 0.83984375 0.70703125 0.2 0.059375