1 0.24921875 0.08828125 0.203125 0.1765625
0 0.1421875 0.4328125 0.1453125 0.2796875
0 0.05234375 0.521875 0.05 0.13125
3 0.24765625 0.6609375 0.08125 0.3984375
1 0.45390625 0.8796875 0.2203125 0.19375
1 0.36484375 0.61875 0.215625 0.3
0 0.50703125 0.496875 0.125 0.265625
2 0.65703125 0.81875 0.1171875 0.3625
3 0.8890625 0.8515625 0.1109375 0.296875
0 0.76484375 0.47890625 0.046875 0.1015625
1 0.90546875 0.346875 0.128125 0.28125
0 0.6296875 0.33515625 0.1671875 0.33125
0 0.74140625 0.27734375 0.08125 0.121875
1 0.73984375 0.29453125 0.13125 0.21875
0 0.80625 0.24140625 0.05 0.0875
1 0.5453125 0.12109375 0.2 0.2421875
1 0.38046875 0.19296875 0.146875 0.209375