2 0.43359375 0.303125 0.21875 0.35
0 0.33984375 0.73828125 0.0828125 0.11171875
0 0.4515625 0.565625 0.08125 0.109375
1 0.1984375 0.4984375 0.13203125 0.28515625
1 0.62421875 0.89609375 0.15390625 0.20234375
2 0.81328125 0.134375 0.12890625 0.25546875
1 0.89765625 0.39375 0.13984375 0.35
0 0.784375 0.3984375 0.08984375 0.13984375
0 0.44375 0.0453125 0.05625 0.090625
1 0.6390625 0.259375 0.16015625 0.23984375
2 0.759375 0.853125 0.1328125 0.19609375
3 0.271875 0.19765625 0.10703125 0.32265625
3 0.09453125 0.128125 0.115625 0.25546875
0 0.3859375 0.53671875 0.053125 0.09609375
3 0.065625 0.79140625 0.05625 0.1078125
0 0.21640625 0.125 0.07890625 0.140625