3 0.90546875 0.10703125 0.046875 0.2140625
0 0.725 0.28359375 0.0703125 0.17890625
0 0.66015625 0.93125 0.06640625 0.11796875
3 0.29921875 0.82578125 0.10859375 0.1234375
3 0.56796875 0.69140625 0.18125 0.22421875
2 0.31953125 0.92890625 0.15390625 0.14140625
0 0.56328125 0.4296875 0.05703125 0.18359375
3 0.54765625 0.87734375 0.19375 0.22890625
3 0.03203125 0.8921875 0.0546875 0.19140625
0 0.128125 0.25234375 0.06328125 0.1
3 0.0921875 0.17421875 0.08515625 0.146875
0 0.38125 0.275 0.04453125 0.1140625