1 0.66875 0.95625 0.15625 0.0875
3 0.2 0.73515625 0.14921875 0.221875
1 0.5140625 0.86640625 0.18515625 0.2671875
3 0.78046875 0.89453125 0.1453125 0.19375
0 0.15078125 0.2734375 0.0859375 0.14765625
0 0.8453125 0.31171875 0.0484375 0.1234375
3 0.08671875 0.51796875 0.09140625 0.32421875
3 0.86796875 0.37890625 0.1046875 0.1796875
0 0.69296875 0.27734375 0.0828125 0.12421875
2 0.45703125 0.66640625 0.14921875 0.425
0 0.86875 0.90703125 0.05546875 0.134375
3 0.89921875 0.45703125 0.12421875 0.1515625
1 0.6578125 0.4265625 0.18046875 0.2296875
0 0.3359375 0.890625 0.07578125 0.13984375
0 0.32734375 0.73515625 0.1 0.171875