1 0.79140625 0.59453125 0.16796875 0.22265625
1 0.68359375 0.8984375 0.13828125 0.20078125
3 0.63203125 0.12421875 0.10546875 0.2484375
2 0.753125 0.06171875 0.12578125 0.121875
3 0.54609375 0.07890625 0.10625 0.15546875
0 0.08671875 0.35 0.1140625 0.20625
0 0.26171875 0.5609375 0.10859375 0.23203125
0 0.8359375 0.86171875 0.059375 0.1046875
0 0.8546875 0.76953125 0.07421875 0.13828125
0 0.9421875 0.56484375 0.04296875 0.15234375
2 0.6171875 0.37734375 0.0984375 0.29140625
2 0.52734375 0.7421875 0.1796875 0.2359375
3 0.159375 0.49140625 0.084375 0.24921875