0 0.3484375 0.43671875 0.05625 0.11328125
1 0.81328125 0.3515625 0.14453125 0.24921875
1 0.73125 0.534375 0.17734375 0.221875
1 0.77421875 0.7375 0.18203125 0.17578125
0 0.89765625 0.57734375 0.0703125 0.10703125
1 0.51171875 0.87890625 0.14921875 0.2421875
0 0.36171875 0.28515625 0.096875 0.140625
3 0.253125 0.6484375 0.20859375 0.3296875
1 0.1375 0.421875 0.1125 0.3984375
1 0.0578125 0.65078125 0.1 0.2953125
0 0.5234375 0.559375 0.0671875 0.16640625
2 0.3078125 0.8703125 0.18984375 0.25859375
0 0.41171875 0.86796875 0.0515625 0.1515625
0 0.8859375 0.1640625 0.08203125 0.13125
1 0.5078125 0.10078125 0.16875 0.2015625