1 0.5609375 0.690625 0.1984375 0.17734375
1 0.38046875 0.69296875 0.17265625 0.221875
3 0.40703125 0.3828125 0.14921875 0.321875
1 0.85859375 0.921875 0.1421875 0.15625
0 0.77421875 0.1875 0.0890625 0.1640625
3 0.490625 0.10390625 0.1625 0.2078125
0 0.31484375 0.3984375 0.06953125 0.15234375
3 0.871875 0.13984375 0.0890625 0.13515625
0 0.146875 0.134375 0.0609375 0.146875
0 0.84375 0.53125 0.04609375 0.12890625
2 0.8859375 0.55703125 0.0421875 0.196875
2 0.76015625 0.88359375 0.15546875 0.2328125
0 0.125 0.778125 0.07734375 0.1578125