3 0.72734375 0.2578125 0.10625 0.15
0 0.76484375 0.396875 0.134375 0.09375
1 0.93125 0.3546875 0.1375 0.159375
1 0.88359375 0.6484375 0.2015625 0.1296875
1 0.27578125 0.6734375 0.35625 0.16875
1 0.259375 0.8421875 0.271875 0.08125
0 0.5046875 0.86484375 0.1421875 0.059375
0 0.2546875 0.975 0.1375 0.0453125
0 0.265625 0.2890625 0.165625 0.084375
0 0.09921875 0.446875 0.175 0.1140625
2 0.13203125 0.240625 0.2359375 0.134375
2 0.0609375 0.8203125 0.121875 0.153125
1 0.62265625 0.58203125 0.26875 0.1375
0 0.03828125 0.7 0.0765625 0.0890625