1 0.8640625 0.85703125 0.13203125 0.26328125
1 0.275 0.0828125 0.12265625 0.1625
0 0.0515625 0.65859375 0.04296875 0.11015625
3 0.8265625 0.43203125 0.05859375 0.22734375
0 0.70625 0.37890625 0.0828125 0.1578125
2 0.36484375 0.0625 0.0859375 0.12109375
0 0.73046875 0.0546875 0.084375 0.08984375
3 0.48359375 0.32421875 0.18515625 0.13671875
2 0.73046875 0.7671875 0.18359375 0.2234375
0 0.94609375 0.90390625 0.04375 0.1203125
3 0.0921875 0.4609375 0.11328125 0.23125
2 0.16640625 0.19375 0.12265625 0.1359375
0 0.89609375 0.27265625 0.05625 0.12578125
3 0.44453125 0.16796875 0.09453125 0.19140625