3 0.04921875 0.0140625 0.0984375 0.0171875
3 0.25859375 0.16796875 0.165625 0.109375
3 0.1921875 0.34453125 0.2453125 0.184375
2 0.41875 0.375 0.29375 0.134375
2 0.53203125 0.17734375 0.26875 0.109375
0 0.90234375 0.56171875 0.1953125 0.0625
0 0.94375 0.5125 0.1125 0.06875
2 0.88984375 0.83828125 0.2203125 0.1296875
1 0.22265625 0.7328125 0.303125 0.153125
1 0.040625 0.78984375 0.08125 0.14375
1 0.09375 0.8546875 0.1734375 0.096875
0 0.06171875 0.465625 0.1234375 0.06875
2 0.92578125 0.92265625 0.1484375 0.084375
3 0.5171875 0.2390625 0.165625 0.059375