2 0.671875 0.25078125 0.140625 0.3671875
3 0.53828125 0.4796875 0.2 0.23125
3 0.45390625 0.24765625 0.190625 0.2625
3 0.78359375 0.825 0.1390625 0.228125
0 0.60234375 0.8625 0.08125 0.1453125
1 0.18203125 0.93671875 0.1421875 0.1265625
1 0.33828125 0.91171875 0.1640625 0.1765625
0 0.15390625 0.7203125 0.075 0.1625
1 0.49296875 0.74140625 0.2046875 0.3015625
0 0.59609375 0.059375 0.0984375 0.11875
0 0.15546875 0.05859375 0.0953125 0.1171875
0 0.8390625 0.02890625 0.09375 0.0578125
3 0.2359375 0.86484375 0.0953125 0.228125