0 0.3484375 0.56328125 0.05625 0.11328125
1 0.81328125 0.6484375 0.14453125 0.24921875
1 0.73125 0.465625 0.17734375 0.221875
1 0.77421875 0.2625 0.18203125 0.17578125
0 0.89765625 0.42265625 0.0703125 0.10703125
1 0.51171875 0.12109375 0.14921875 0.2421875
0 0.36171875 0.71484375 0.096875 0.140625
3 0.253125 0.3515625 0.20859375 0.3296875
1 0.1375 0.578125 0.1125 0.3984375
1 0.0578125 0.34921875 0.1 0.2953125
0 0.5234375 0.440625 0.0671875 0.16640625
2 0.3078125 0.1296875 0.18984375 0.25859375
0 0.41171875 0.13203125 0.0515625 0.1515625
0 0.8859375 0.8359375 0.08203125 0.13125
1 0.5078125 0.89921875 0.16875 0.2015625