0 0.82578125 0.071875 0.0859375 0.071875
0 0.89375 0.65703125 0.1859375 0.09375
2 0.546875 0.74375 0.2375 0.1984375
0 0.68828125 0.9 0.11875 0.0453125
2 0.07109375 0.75078125 0.140625 0.075
3 0.290625 0.45 0.3296875 0.15
2 0.321875 0.34296875 0.23125 0.1015625
1 0.10625 0.17265625 0.2125 0.0953125
2 0.028125 0.26171875 0.05625 0.0921875
2 0.509375 0.36171875 0.1296875 0.15
3 0.42109375 0.19921875 0.2453125 0.1328125
0 0.390625 0.2578125 0.065625 0.053125
3 0.271875 0.103125 0.178125 0.0609375
3 0.04921875 0.01328125 0.096875 0.01875