0 0.1953125 0.43828125 0.0703125 0.1515625
0 0.271875 0.26953125 0.075 0.128125
0 0.3359375 0.85390625 0.08515625 0.1625
3 0.1359375 0.93046875 0.15390625 0.1390625
0 0.19375 0.86796875 0.0875 0.1171875
3 0.240625 0.778125 0.103125 0.28046875
0 0.32421875 0.7203125 0.13203125 0.12421875
0 0.62578125 0.590625 0.07265625 0.18671875
3 0.71953125 0.31640625 0.0765625 0.26484375
3 0.80625 0.31328125 0.121875 0.2359375
1 0.6328125 0.06875 0.175 0.1375
1 0.37890625 0.3640625 0.115625 0.3
3 0.484375 0.64609375 0.2296875 0.225