0 0.109375 0.159375 0.1265625 0.1125
2 0.096875 0.8671875 0.159375 0.265625
1 0.44140625 0.653125 0.15625 0.19375
0 0.7296875 0.94765625 0.08125 0.103125
3 0.66484375 0.56640625 0.05625 0.29375
3 0.7203125 0.41484375 0.078125 0.278125
0 0.4125 0.33515625 0.096875 0.234375
0 0.346875 0.353125 0.1015625 0.15
0 0.3765625 0.4578125 0.071875 0.15625
0 0.32265625 0.51171875 0.0609375 0.09375
0 0.49921875 0.43203125 0.059375 0.1
0 0.5296875 0.521875 0.0875 0.1578125
0 0.62578125 0.403125 0.071875 0.1234375
1 0.7828125 0.4734375 0.1515625 0.2875
1 0.253125 0.0671875 0.0890625 0.134375
1 0.659375 0.0953125 0.18125 0.190625
2 0.08984375 0.53125 0.140625 0.178125
0 0.48671875 0.3109375 0.0859375 0.1203125