0 0.525 0.8015625 0.171875 0.065625
1 0.14609375 0.5625 0.2921875 0.153125
1 0.18046875 0.44921875 0.296875 0.1515625
1 0.51015625 0.48984375 0.35 0.1546875
3 0.41640625 0.38203125 0.23125 0.0640625
3 0.371875 0.0921875 0.1796875 0.1421875
0 0.70703125 0.12265625 0.146875 0.08125
3 0.85390625 0.28203125 0.196875 0.11875
0 0.828125 0.5296875 0.153125 0.0859375
0 0.83515625 0.6234375 0.19375 0.109375
2 0.9484375 0.5234375 0.103125 0.15
3 0.8984375 0.45390625 0.1234375 0.075
2 0.78125 0.4171875 0.253125 0.184375
0 0.59375 0.71484375 0.1125 0.08125