1 0.6046875 0.73046875 0.17734375 0.3125
3 0.38125 0.80234375 0.234375 0.16015625
3 0.19765625 0.77421875 0.13671875 0.228125
2 0.80703125 0.9328125 0.12890625 0.13359375
0 0.7390625 0.79765625 0.05 0.10859375
3 0.68984375 0.35078125 0.08046875 0.3515625
0 0.57890625 0.32421875 0.07265625 0.1265625
0 0.62421875 0.26640625 0.06875 0.18984375
0 0.9125 0.13984375 0.0765625 0.153125
3 0.8453125 0.1625 0.06015625 0.11953125
2 0.5390625 0.0828125 0.16015625 0.165625
0 0.41796875 0.14921875 0.11015625 0.14453125
2 0.36953125 0.0453125 0.0921875 0.090625
2 0.284375 0.10390625 0.1625 0.2078125
0 0.1359375 0.25234375 0.05390625 0.1515625
0 0.10078125 0.4859375 0.0578125 0.13359375
0 0.36015625 0.4 0.08359375 0.1265625