3 0.87109375 0.059375 0.178125 0.053125
1 0.19140625 0.1171875 0.265625 0.1046875
1 0.0984375 0.4078125 0.196875 0.121875
0 0.17421875 0.4453125 0.146875 0.090625
0 0.40234375 0.6140625 0.1171875 0.0734375
0 0.0578125 0.70078125 0.115625 0.0875
1 0.3703125 0.88203125 0.2640625 0.128125
0 0.5515625 0.84140625 0.2 0.103125
0 0.49609375 0.66953125 0.0671875 0.040625
1 0.71171875 0.88828125 0.29375 0.11875
3 0.8171875 0.53984375 0.1734375 0.11875
1 0.91640625 0.5484375 0.1671875 0.1796875
1 0.2671875 0.77578125 0.15625 0.0625
1 0.50625 0.39296875 0.1671875 0.0546875