0 0.6125 0.1171875 0.07265625 0.11015625
1 0.5890625 0.25859375 0.1578125 0.1625
2 0.74296875 0.3828125 0.12890625 0.16171875
0 0.13515625 0.65390625 0.071875 0.14609375
0 0.75 0.1265625 0.09140625 0.15703125
0 0.56328125 0.9234375 0.0953125 0.14765625
0 0.2796875 0.38671875 0.05703125 0.0859375
0 0.23515625 0.58671875 0.08671875 0.1234375
0 0.86875 0.5546875 0.0609375 0.121875
0 0.47109375 0.83359375 0.0953125 0.14609375
2 0.690625 0.9140625 0.11640625 0.171875
3 0.91796875 0.72734375 0.07734375 0.21328125
3 0.82890625 0.490625 0.096875 0.11953125