0 0.7890625 0.25390625 0.07578125 0.14921875
0 0.89921875 0.12578125 0.071875 0.16328125
3 0.7046875 0.421875 0.1578125 0.27734375
3 0.58828125 0.80546875 0.1 0.334375
3 0.49453125 0.62890625 0.16953125 0.21484375
2 0.49140625 0.396875 0.25703125 0.42734375
1 0.2921875 0.66875 0.1328125 0.30078125
3 0.1828125 0.78984375 0.0921875 0.13203125
3 0.12265625 0.8609375 0.16875 0.2234375
0 0.1203125 0.7265625 0.0453125 0.10546875
0 0.1484375 0.653125 0.0796875 0.0953125
2 0.1859375 0.30859375 0.17890625 0.4
0 0.26796875 0.221875 0.04609375 0.103125
0 0.315625 0.26875 0.08046875 0.146875
1 0.34375 0.4078125 0.13984375 0.29453125
0 0.73359375 0.79921875 0.090625 0.18046875
1 0.69609375 0.15703125 0.14765625 0.3140625
1 0.59140625 0.1265625 0.153125 0.24609375