1 0.19921875 0.878125 0.12109375 0.24375
1 0.934375 0.33515625 0.1171875 0.30546875
0 0.46875 0.41640625 0.0453125 0.08125
2 0.7984375 0.253125 0.16875 0.18984375
3 0.65234375 0.05859375 0.10234375 0.1171875
0 0.83046875 0.05546875 0.07890625 0.1046875
0 0.59453125 0.3296875 0.15546875 0.2078125
2 0.5796875 0.703125 0.11953125 0.27109375
3 0.50546875 0.5109375 0.11953125 0.18984375
3 0.8875 0.76015625 0.05 0.184375
0 0.27578125 0.82578125 0.05234375 0.13125
0 0.33359375 0.6328125 0.09453125 0.14140625