1 0.65390625 0.14375 0.17109375 0.2203125
3 0.28046875 0.59921875 0.14140625 0.17421875
3 0.1234375 0.35703125 0.12421875 0.2921875
0 0.84296875 0.09296875 0.053125 0.09296875
0 0.84296875 0.58671875 0.0703125 0.1234375
0 0.3453125 0.09921875 0.08359375 0.13046875
1 0.34296875 0.3015625 0.11328125 0.34375
0 0.23984375 0.4375 0.0625 0.13125
0 0.24140625 0.91875 0.07109375 0.134375
1 0.4859375 0.86953125 0.12890625 0.2609375
2 0.28515625 0.809375 0.121875 0.24609375
3 0.08828125 0.07734375 0.0765625 0.1546875
3 0.153125 0.9359375 0.1484375 0.128125
0 0.10703125 0.828125 0.06640625 0.1046875