0 0.34453125 0.95 0.06484375 0.09921875
0 0.57734375 0.64921875 0.10078125 0.13984375
2 0.07734375 0.6671875 0.08984375 0.33203125
0 0.859375 0.9015625 0.0421875 0.08515625
0 0.0421875 0.03125 0.03046875 0.0625
0 0.08203125 0.0296875 0.0515625 0.059375
1 0.403125 0.15078125 0.18203125 0.29609375
1 0.53203125 0.09765625 0.1546875 0.19453125
0 0.6359375 0.0453125 0.06875 0.08984375
0 0.690625 0.365625 0.0859375 0.115625
0 0.4953125 0.55859375 0.08984375 0.0609375
0 0.690625 0.63359375 0.07890625 0.14453125
0 0.72734375 0.7359375 0.078125 0.1234375
0 0.66640625 0.83359375 0.05234375 0.12265625
3 0.60625 0.83046875 0.10625 0.24296875
0 0.22890625 0.58828125 0.0578125 0.15625