3 0.25859375 0.56796875 0.165625 0.23046875
2 0.5875 0.47109375 0.14453125 0.309375
0 0.684375 0.21640625 0.06484375 0.11875
0 0.79609375 0.30625 0.0734375 0.165625
0 0.778125 0.56953125 0.08359375 0.16484375
0 0.49765625 0.76171875 0.08828125 0.15234375
0 0.5453125 0.76484375 0.06171875 0.1859375
3 0.653125 0.76953125 0.16640625 0.19296875
0 0.4546875 0.85078125 0.09765625 0.15234375
0 0.5875 0.97109375 0.06875 0.0578125
2 0.44765625 0.953125 0.1859375 0.09296875
3 0.8046875 0.87109375 0.0921875 0.2578125