1 0.40703125 0.34296875 0.09453125 0.3109375
1 0.79375 0.78125 0.1609375 0.27109375
1 0.21875 0.8953125 0.09609375 0.209375
0 0.33046875 0.8984375 0.065625 0.1421875
0 0.54765625 0.72421875 0.08671875 0.1390625
2 0.29921875 0.68671875 0.07734375 0.25
3 0.9078125 0.771875 0.0875 0.321875
3 0.5140625 0.63203125 0.1484375 0.26328125
3 0.790625 0.0859375 0.1984375 0.171875
3 0.5859375 0.1265625 0.09375 0.253125
3 0.8125 0.3203125 0.21484375 0.384375
3 0.24765625 0.446875 0.17265625 0.20078125
3 0.246875 0.278125 0.13046875 0.17265625