0 0.859375 0.0609375 0.059375 0.121875
0 0.953125 0.14453125 0.0453125 0.0984375
3 0.603125 0.05703125 0.1875 0.1140625
0 0.696875 0.19921875 0.046875 0.125
1 0.42734375 0.22109375 0.171875 0.296875
3 0.19609375 0.12734375 0.1125 0.2546875
2 0.35390625 0.04375 0.1421875 0.0875
3 0.13359375 0.6828125 0.096875 0.16875
3 0.2140625 0.54921875 0.0703125 0.121875
1 0.28828125 0.76328125 0.2234375 0.315625
2 0.53828125 0.65234375 0.10625 0.34375
1 0.61640625 0.9203125 0.165625 0.159375
0 0.75859375 0.93671875 0.06875 0.1265625
1 0.76171875 0.59765625 0.15 0.284375
3 0.6234375 0.46796875 0.15 0.284375
0 0.24921875 0.90859375 0.1 0.11875
0 0.1203125 0.915625 0.065625 0.08125