1 0.63828125 0.12578125 0.1609375 0.24140625
1 0.68046875 0.3625 0.121875 0.24375
3 0.3578125 0.428125 0.18828125 0.2203125
0 0.05859375 0.57421875 0.06171875 0.1453125
1 0.72890625 0.896875 0.14921875 0.20390625
3 0.1 0.70546875 0.07578125 0.240625
0 0.45 0.16953125 0.0765625 0.1484375
0 0.4078125 0.7234375 0.06484375 0.1046875
0 0.88828125 0.0890625 0.07421875 0.13671875
3 0.1703125 0.49921875 0.1890625 0.16796875
0 0.75078125 0.32265625 0.04765625 0.0703125
0 0.515625 0.18984375 0.08046875 0.19453125
0 0.540625 0.30703125 0.11484375 0.284375
1 0.61640625 0.73359375 0.1953125 0.22890625
0 0.890625 0.90078125 0.07734375 0.140625
0 0.7625 0.6640625 0.0703125 0.1828125
2 0.35390625 0.2296875 0.1671875 0.19296875
0 0.07734375 0.9015625 0.0671875 0.16328125
3 0.33515625 0.71796875 0.1484375 0.3015625
3 0.1984375 0.778125 0.1484375 0.253125
3 0.23125 0.93125 0.171875 0.13671875