1 0.3375 0.528125 0.2984375 0.2125
3 0.45703125 0.60546875 0.140625 0.215625
1 0.75859375 0.59921875 0.184375 0.2375
3 0.93671875 0.63125 0.1265625 0.16875
3 0.52421875 0.17421875 0.321875 0.115625
0 0.5296875 0.26015625 0.184375 0.09375
0 0.40234375 0.36640625 0.2015625 0.109375
0 0.47734375 0.9046875 0.165625 0.0734375
2 0.2296875 0.8625 0.19375 0.1375
1 0.096875 0.23984375 0.19375 0.165625
0 0.06171875 0.7171875 0.1046875 0.0671875
3 0.609375 0.4421875 0.1765625 0.2140625
0 0.7453125 0.1828125 0.115625 0.0734375