0 0.18515625 0.4484375 0.05859375 0.146875
0 0.11640625 0.31796875 0.03984375 0.11328125
0 0.54609375 0.89765625 0.08671875 0.16015625
0 0.884375 0.828125 0.0703125 0.14765625
1 0.88671875 0.609375 0.084375 0.27265625
1 0.24765625 0.10546875 0.16796875 0.2
1 0.41171875 0.0421875 0.11171875 0.08359375
0 0.4171875 0.4078125 0.11171875 0.221875
0 0.62578125 0.21640625 0.140625 0.26015625
1 0.68046875 0.9484375 0.1375 0.103125
3 0.4765625 0.70234375 0.18125 0.221875
2 0.1921875 0.79765625 0.0859375 0.25703125