3 0.7921875 0.80078125 0.13203125 0.19140625
1 0.64765625 0.79375 0.15 0.2984375
1 0.3796875 0.846875 0.146875 0.2484375
1 0.2421875 0.84453125 0.13671875 0.3109375
1 0.09140625 0.815625 0.12265625 0.240625
0 0.1890625 0.3890625 0.15546875 0.290625
0 0.146875 0.51953125 0.090625 0.134375
0 0.15703125 0.078125 0.06640625 0.15625
1 0.4765625 0.0671875 0.146875 0.134375
1 0.40703125 0.1078125 0.10859375 0.1078125
1 0.553125 0.2875 0.2 0.446875
0 0.6359375 0.446875 0.090625 0.159375
0 0.615625 0.33984375 0.03828125 0.0859375
0 0.815625 0.13125 0.0546875 0.1109375
0 0.41484375 0.434375 0.0625 0.1203125
0 0.29609375 0.684375 0.04296875 0.0703125