2 0.375 0.89453125 0.10625 0.2046875
0 0.709375 0.79375 0.0734375 0.1609375
0 0.859375 0.2515625 0.05703125 0.10546875
3 0.3765625 0.1453125 0.07109375 0.27578125
0 0.59765625 0.953125 0.08984375 0.09140625
2 0.3796875 0.72421875 0.1359375 0.22265625
1 0.253125 0.8765625 0.10546875 0.240625
0 0.20703125 0.11015625 0.08203125 0.10546875
3 0.5671875 0.7078125 0.21328125 0.290625
3 0.02421875 0.75234375 0.040625 0.2359375
0 0.13125 0.3953125 0.08203125 0.14921875
0 0.509375 0.29921875 0.096875 0.16796875