1 0.2328125 0.709375 0.15859375 0.30703125
3 0.51796875 0.84296875 0.1546875 0.3140625
3 0.12421875 0.73828125 0.08671875 0.2671875
3 0.115625 0.92109375 0.11015625 0.12421875
1 0.33203125 0.696875 0.08515625 0.22109375
0 0.34140625 0.1828125 0.10390625 0.11875
3 0.5890625 0.1046875 0.08359375 0.20859375
0 0.77421875 0.18359375 0.09375 0.2046875
0 0.14921875 0.25546875 0.071875 0.10703125
3 0.9234375 0.45390625 0.0703125 0.3140625
0 0.93125 0.69140625 0.0421875 0.11328125
0 0.3953125 0.93125 0.084375 0.134375
0 0.79375 0.89296875 0.0796875 0.1546875