0 0.94609375 0.821875 0.05546875 0.0953125
0 0.74609375 0.69296875 0.1328125 0.24609375
0 0.696875 0.7890625 0.065625 0.11875
3 0.3515625 0.91796875 0.090625 0.16328125
2 0.178125 0.93046875 0.075 0.1390625
1 0.24375 0.54140625 0.15703125 0.23984375
1 0.6265625 0.4734375 0.16640625 0.29765625
0 0.7 0.3421875 0.0484375 0.1015625
3 0.778125 0.2484375 0.11171875 0.23125
0 0.5390625 0.196875 0.0859375 0.14296875
0 0.01796875 0.5875 0.0359375 0.146875
0 0.02421875 0.76328125 0.046875 0.20859375
3 0.0421875 0.93828125 0.0484375 0.12265625