0 0.16796875 0.234375 0.08515625 0.16875
1 0.640625 0.20546875 0.15234375 0.26875
1 0.5203125 0.09609375 0.12421875 0.1921875
0 0.53359375 0.5984375 0.08125 0.1859375
2 0.728125 0.70078125 0.10625 0.2875
1 0.58515625 0.5296875 0.0890625 0.29296875
3 0.44609375 0.21875 0.12578125 0.1265625
3 0.0921875 0.16171875 0.0921875 0.17265625
2 0.6609375 0.478125 0.1828125 0.3359375
1 0.13125 0.71640625 0.0890625 0.27734375
1 0.475 0.35625 0.1890625 0.159375
3 0.090625 0.9015625 0.08125 0.15234375
3 0.828125 0.0890625 0.05625 0.17734375