1 0.68671875 0.7265625 0.1828125 0.23046875
1 0.7421875 0.08046875 0.12578125 0.16015625
2 0.7203125 0.4421875 0.13828125 0.3375
1 0.10078125 0.7234375 0.11015625 0.33359375
1 0.49609375 0.7 0.18515625 0.28125
3 0.93828125 0.4640625 0.08515625 0.12734375
0 0.83125 0.12421875 0.078125 0.12578125
0 0.78671875 0.24609375 0.0640625 0.10234375
0 0.30234375 0.0984375 0.0484375 0.0890625
2 0.3828125 0.11953125 0.1625 0.2390625
0 0.6515625 0.2703125 0.1 0.178125
0 0.821875 0.03203125 0.04453125 0.0640625