1 0.67578125 0.80078125 0.196875 0.16875
0 0.38046875 0.8234375 0.30625 0.1625
3 0.38984375 0.58671875 0.1734375 0.2140625
1 0.159375 0.69140625 0.259375 0.1390625
2 0.0765625 0.7515625 0.153125 0.153125
1 0.05234375 0.8765625 0.1046875 0.084375
2 0.13515625 0.11640625 0.2703125 0.1375
0 0.3984375 0.259375 0.15625 0.08125
0 0.53984375 0.146875 0.146875 0.05625
2 0.77421875 0.35234375 0.1734375 0.1875
2 0.8171875 0.2390625 0.18125 0.159375
0 0.69375 0.509375 0.1640625 0.0875
1 0.9140625 0.4671875 0.171875 0.16875
3 0.17421875 0.94453125 0.0953125 0.0671875
1 0.109375 0.23046875 0.21875 0.090625