3 0.26953125 0.44765625 0.18125 0.25
3 0.3578125 0.825 0.09453125 0.34453125
3 0.66875 0.80234375 0.1765625 0.21640625
1 0.928125 0.5671875 0.1046875 0.32734375
1 0.63203125 0.19140625 0.12265625 0.290625
0 0.7390625 0.08203125 0.059375 0.12734375
0 0.784375 0.95390625 0.0828125 0.0921875
2 0.4390625 0.23828125 0.128125 0.2875
0 0.45546875 0.58671875 0.08515625 0.19375
0 0.5359375 0.5359375 0.09609375 0.17265625
0 0.56171875 0.3734375 0.0578125 0.16796875
3 0.85546875 0.3921875 0.134375 0.32734375
3 0.51875 0.90078125 0.25078125 0.1984375