0 0.1328125 0.69453125 0.06015625 0.10703125
1 0.07265625 0.8484375 0.08359375 0.2421875
3 0.27578125 0.790625 0.1578125 0.15703125
0 0.3 0.9078125 0.11171875 0.184375
0 0.45 0.83984375 0.07421875 0.1453125
0 0.5046875 0.89140625 0.09296875 0.1609375
2 0.4859375 0.696875 0.15390625 0.16953125
1 0.5921875 0.69453125 0.0890625 0.21796875
0 0.6390625 0.3703125 0.07421875 0.11875
0 0.753125 0.3375 0.1703125 0.30546875
3 0.82890625 0.13515625 0.1265625 0.2703125
3 0.55625 0.03671875 0.07734375 0.0734375
2 0.371875 0.20546875 0.20234375 0.265625
2 0.49921875 0.45703125 0.12421875 0.34296875