1 0.734375 0.09609375 0.15625 0.18984375
1 0.19609375 0.36328125 0.18046875 0.16484375
3 0.778125 0.4421875 0.12578125 0.34921875
0 0.14375 0.8453125 0.08828125 0.16484375
3 0.6453125 0.34765625 0.15078125 0.33671875
3 0.6671875 0.64140625 0.0875 0.26171875
0 0.49375 0.72421875 0.09609375 0.15625
0 0.3671875 0.1984375 0.08359375 0.09609375
0 0.340625 0.93125 0.05390625 0.071875
2 0.38984375 0.63046875 0.09296875 0.315625
0 0.071875 0.20625 0.0640625 0.153125
3 0.03984375 0.03046875 0.0421875 0.0609375
0 0.5859375 0.6625 0.07578125 0.1265625
2 0.26328125 0.684375 0.16484375 0.2421875
2 0.54765625 0.8796875 0.11875 0.17265625
2 0.6875 0.971875 0.13671875 0.05625
3 0.8203125 0.146875 0.1203125 0.18515625
3 0.59375 0.1265625 0.08671875 0.10390625
2 0.53125 0.54140625 0.171875 0.24609375
3 0.89765625 0.1625 0.04296875 0.246875