1 0.90703125 0.4359375 0.1515625 0.25625
1 0.8109375 0.3265625 0.1546875 0.3328125
0 0.68203125 0.0984375 0.08203125 0.15390625
0 0.6171875 0.0640625 0.053125 0.128125
3 0.18671875 0.15 0.0640625 0.3
0 0.02734375 0.18828125 0.046875 0.13671875
0 0.03984375 0.06328125 0.0375 0.11953125
1 0.3625 0.3125 0.14921875 0.30859375
1 0.1578125 0.525 0.14921875 0.2453125
3 0.32890625 0.67109375 0.1421875 0.1609375
3 0.1921875 0.76796875 0.1015625 0.3234375
0 0.2796875 0.89296875 0.07890625 0.1578125
1 0.70078125 0.84921875 0.125 0.30078125
0 0.80234375 0.63515625 0.08984375 0.10859375