0 0.9546875 0.46015625 0.05859375 0.11015625
0 0.9328125 0.29609375 0.0546875 0.1390625
0 0.925 0.178125 0.06015625 0.1046875
1 0.4796875 0.140625 0.19375 0.18671875
0 0.32109375 0.103125 0.06171875 0.128125
0 0.1984375 0.2078125 0.0828125 0.15859375
0 0.59765625 0.33203125 0.0984375 0.18203125
0 0.6140625 0.5796875 0.090625 0.159375
1 0.28046875 0.73125 0.1890625 0.2484375
0 0.12265625 0.77890625 0.0953125 0.16953125
0 0.3125 0.87421875 0.084375 0.09296875
0 0.41953125 0.33984375 0.0765625 0.11953125