1 0.478125 0.8234375 0.1640625 0.353125
1 0.58203125 0.540625 0.15078125 0.303125
1 0.8484375 0.765625 0.1390625 0.253125
3 0.07421875 0.66484375 0.109375 0.26953125
3 0.21796875 0.4390625 0.14453125 0.28046875
3 0.60390625 0.12265625 0.05859375 0.2453125
0 0.7765625 0.10390625 0.09765625 0.146875
0 0.2390625 0.17734375 0.0640625 0.1265625
3 0.5046875 0.08359375 0.05 0.1671875
3 0.43125 0.1359375 0.1015625 0.2671875
0 0.51484375 0.22890625 0.1046875 0.1703125
0 0.953125 0.9421875 0.0546875 0.115625