0 0.16640625 0.46015625 0.09296875 0.1953125
0 0.20390625 0.7296875 0.06484375 0.1203125
0 0.09140625 0.41875 0.0734375 0.159375
0 0.28984375 0.89140625 0.06171875 0.165625
1 0.48984375 0.90703125 0.1171875 0.1859375
0 0.69375 0.95390625 0.0734375 0.09140625
0 0.5734375 0.71328125 0.0796875 0.13671875
0 0.4171875 0.09375 0.08359375 0.1671875
0 0.29921875 0.05859375 0.0984375 0.1171875
0 0.58359375 0.04453125 0.0828125 0.0890625
0 0.75078125 0.03046875 0.08046875 0.06015625
0 0.71953125 0.153125 0.08984375 0.07890625
0 0.6671875 0.06171875 0.09375 0.1234375
0 0.6296875 0.2375 0.1375 0.21328125
3 0.52734375 0.2640625 0.08203125 0.29453125