1 0.60625 0.05234375 0.1734375 0.103125
1 0.74140625 0.44765625 0.14375 0.2765625
1 0.1828125 0.6859375 0.1234375 0.234375
1 0.55390625 0.81640625 0.190625 0.253125
1 0.7640625 0.8546875 0.190625 0.2359375
1 0.6453125 0.6546875 0.1328125 0.265625
0 0.84296875 0.3125 0.08125 0.109375
0 0.76875 0.07109375 0.0578125 0.08125
3 0.140625 0.5109375 0.15625 0.103125
0 0.29140625 0.75859375 0.1 0.1546875
0 0.34609375 0.925 0.0875 0.15
0 0.44453125 0.9453125 0.0890625 0.109375
3 0.60625 0.43125 0.11875 0.3109375
3 0.25546875 0.934375 0.121875 0.13125