1 0.2125 0.48984375 0.1328125 0.3453125
1 0.7375 0.04375 0.146875 0.0875
1 0.7734375 0.90625 0.13984375 0.18671875
1 0.9140625 0.90390625 0.1328125 0.19140625
1 0.59140625 0.065625 0.16640625 0.13046875
2 0.09375 0.58828125 0.12421875 0.30078125
0 0.2875 0.5984375 0.08828125 0.21015625
0 0.190625 0.8046875 0.0765625 0.10859375
0 0.60625 0.9703125 0.065625 0.059375
0 0.82578125 0.6375 0.07578125 0.17265625
0 0.43125 0.48125 0.08671875 0.1515625
3 0.4828125 0.73359375 0.08515625 0.33203125
3 0.38671875 0.6484375 0.125 0.38828125
0 0.10234375 0.10234375 0.07890625 0.14296875
0 0.82578125 0.190625 0.10859375 0.2921875
3 0.3546875 0.89453125 0.0765625 0.21015625