0 0.9828125 0.41953125 0.034375 0.13984375
0 0.97578125 0.23046875 0.0484375 0.2390625
3 0.9578125 0.06171875 0.0484375 0.1234375
3 0.77578125 0.5984375 0.05234375 0.2625
0 0.8203125 0.07421875 0.07578125 0.1484375
1 0.56640625 0.08125 0.153125 0.1625
0 0.23984375 0.25078125 0.1 0.12578125
0 0.3828125 0.43046875 0.12734375 0.18359375
1 0.7609375 0.87890625 0.1453125 0.2421875
2 0.53984375 0.66015625 0.19375 0.35390625
2 0.165625 0.38203125 0.11953125 0.24140625
2 0.84765625 0.30234375 0.09140625 0.25234375
0 0.9359375 0.453125 0.04453125 0.09453125