0 0.22109375 0.13359375 0.16875 0.0875
0 0.63359375 0.40390625 0.1828125 0.1578125
0 0.390625 0.4328125 0.134375 0.05625
0 0.93125 0.76953125 0.1125 0.0875
3 0.81640625 0.7265625 0.20625 0.0671875
3 0.434375 0.60078125 0.23125 0.1375
3 0.43046875 0.37734375 0.271875 0.059375
0 0.2578125 0.49921875 0.146875 0.084375
2 0.12265625 0.3046875 0.2453125 0.125
0 0.14609375 0.63203125 0.125 0.084375
3 0.1875 0.721875 0.1578125 0.128125
0 0.046875 0.7375 0.084375 0.071875
0 0.603125 0.03359375 0.075 0.0453125