0 0.78046875 0.0640625 0.0828125 0.125
0 0.7828125 0.525 0.0875 0.15
0 0.51875 0.65078125 0.0625 0.1625
0 0.3171875 0.82109375 0.0625 0.18125
0 0.20078125 0.64140625 0.0890625 0.125
2 0.421875 0.496875 0.1796875 0.171875
2 0.33359375 0.60234375 0.0828125 0.1890625
1 0.80546875 0.85078125 0.1375 0.2734375
3 0.609375 0.1453125 0.1125 0.18125
2 0.22265625 0.3140625 0.08125 0.2578125
3 0.4375 0.90546875 0.153125 0.1890625
0 0.26953125 0.9578125 0.0890625 0.084375
3 0.4296875 0.296875 0.153125 0.1484375
3 0.16171875 0.27578125 0.084375 0.2546875