2 0.15234375 0.2421875 0.16953125 0.3109375
1 0.346875 0.8921875 0.2015625 0.215625
1 0.72890625 0.3984375 0.134375 0.25078125
0 0.3109375 0.59296875 0.07890625 0.09921875
0 0.58359375 0.6265625 0.1171875 0.19375
0 0.653125 0.63359375 0.0515625 0.11953125
3 0.50546875 0.7265625 0.0703125 0.3484375
3 0.6453125 0.2046875 0.1640625 0.1765625
3 0.18203125 0.53125 0.11171875 0.25859375
3 0.3546875 0.2453125 0.184375 0.34375
0 0.10234375 0.90078125 0.05625 0.134375
3 0.13203125 0.978125 0.1109375 0.04375