0 0.34453125 0.04375 0.06484375 0.08671875
0 0.57734375 0.35078125 0.10078125 0.13984375
0 0.6640625 0.1625 0.04453125 0.11640625
2 0.07734375 0.3328125 0.08984375 0.33203125
0 0.8109375 0.05234375 0.0609375 0.09609375
0 0.859375 0.0984375 0.0421875 0.08515625
3 0.58671875 0.1375 0.10703125 0.21875
0 0.2375 0.91484375 0.0671875 0.1625
0 0.0421875 0.96875 0.03046875 0.0625
0 0.08203125 0.9703125 0.0515625 0.059375
1 0.390625 0.85 0.184375 0.3
1 0.53203125 0.90234375 0.1546875 0.19453125
0 0.6359375 0.9546875 0.06875 0.08984375
0 0.690625 0.634375 0.0859375 0.115625
0 0.4953125 0.44140625 0.08984375 0.0609375
0 0.690625 0.36640625 0.07890625 0.14453125
0 0.7296875 0.28125 0.07890625 0.1140625