2 0.175 0.1921875 0.1421875 0.21328125
1 0.61640625 0.7140625 0.18203125 0.24765625
2 0.390625 0.078125 0.178125 0.1484375
3 0.62734375 0.25234375 0.09140625 0.23828125
1 0.74375 0.84296875 0.171875 0.3
1 0.8921875 0.825 0.12578125 0.346875
0 0.31796875 0.971875 0.09296875 0.05546875
0 0.809375 0.6625 0.1015625 0.159375
0 0.2484375 0.9515625 0.065625 0.096875
0 0.38203125 0.46640625 0.08359375 0.14921875
3 0.22109375 0.0625 0.134375 0.115625
0 0.325 0.2640625 0.03125 0.09453125
0 0.80234375 0.20625 0.0671875 0.16171875
3 0.78671875 0.0984375 0.1765625 0.196875