2 0.3921875 0.74921875 0.2984375 0.146875
0 0.17578125 0.78203125 0.134375 0.0765625
0 0.13515625 0.340625 0.15625 0.090625
2 0.28515625 0.44296875 0.2296875 0.16875
3 0.2625 0.15703125 0.190625 0.153125
0 0.1703125 0.03046875 0.134375 0.04375
0 0.0515625 0.03984375 0.096875 0.03125
3 0.55703125 0.10078125 0.25 0.0671875
0 0.71015625 0.29375 0.10625 0.0625
3 0.57265625 0.20234375 0.15625 0.153125
2 0.9171875 0.471875 0.165625 0.1125
0 0.9453125 0.24453125 0.109375 0.084375
3 0.428125 0.96484375 0.240625 0.0703125