1 0.1109375 0.71875 0.12734375 0.29921875
1 0.23359375 0.6671875 0.165625 0.28515625
1 0.26484375 0.15 0.1640625 0.3
0 0.25703125 0.428125 0.06640625 0.1328125
2 0.41484375 0.08125 0.1515625 0.1625
2 0.53984375 0.16328125 0.15234375 0.32578125
0 0.60234375 0.57109375 0.09453125 0.2921875
1 0.64296875 0.8421875 0.15546875 0.27578125
3 0.73359375 0.88359375 0.05234375 0.19375
0 0.83828125 0.10078125 0.04765625 0.153125
0 0.8890625 0.05625 0.084375 0.1125
2 0.83515625 0.84921875 0.15234375 0.25703125
3 0.78828125 0.328125 0.11796875 0.325