1 0.58359375 0.9078125 0.1421875 0.1796875
3 0.3796875 0.79140625 0.09765625 0.2796875
3 0.14609375 0.91875 0.12578125 0.09765625
3 0.74140625 0.04609375 0.11015625 0.09140625
3 0.365625 0.51875 0.21328125 0.275
0 0.3515625 0.359375 0.09375 0.1203125
0 0.6953125 0.60703125 0.0609375 0.13125
3 0.275 0.5765625 0.134375 0.35078125
3 0.253125 0.0453125 0.17421875 0.08984375
0 0.45625 0.83203125 0.06875 0.16640625
3 0.02265625 0.8296875 0.04453125 0.21953125
0 0.65234375 0.83203125 0.09296875 0.17578125