0 0.44921875 0.72578125 0.1484375 0.25625
0 0.14140625 0.8421875 0.0671875 0.12421875
1 0.45546875 0.89921875 0.17734375 0.20078125
2 0.43203125 0.384375 0.09140625 0.22890625
0 0.60546875 0.43828125 0.0796875 0.13125
0 0.56484375 0.19453125 0.07421875 0.10078125
0 0.56640625 0.590625 0.075 0.13125
0 0.82421875 0.0171875 0.053125 0.034375
1 0.7203125 0.06328125 0.11953125 0.1265625
2 0.878125 0.4640625 0.10625 0.21796875
0 0.21953125 0.2625 0.0890625 0.146875
0 0.1296875 0.26640625 0.07578125 0.14453125
0 0.64765625 0.9125 0.10234375 0.14609375
0 0.64453125 0.97578125 0.1109375 0.0484375