2 0.134375 0.8296875 0.115625 0.340625
1 0.0984375 0.6015625 0.09140625 0.30859375
0 0.075 0.75703125 0.04921875 0.11796875
0 0.25703125 0.8796875 0.10859375 0.23984375
1 0.2 0.9375 0.1 0.125
1 0.528125 0.91640625 0.228125 0.16640625
1 0.7265625 0.88203125 0.18125 0.2359375
0 0.4734375 0.7484375 0.1046875 0.11640625
0 0.66875 0.65703125 0.21015625 0.29140625
1 0.81875 0.56328125 0.2171875 0.48984375
1 0.8875 0.24296875 0.14609375 0.25625
0 0.275 0.35625 0.08828125 0.0875
0 0.9484375 0.628125 0.05625 0.21328125
2 0.50078125 0.88046875 0.19765625 0.1703125