3 0.9265625 0.1953125 0.13359375 0.2484375
0 0.35625 0.07421875 0.0578125 0.1484375
0 0.2375 0.0796875 0.0921875 0.11953125
3 0.08671875 0.29765625 0.11796875 0.096875
3 0.14765625 0.4625 0.0984375 0.28203125
0 0.36640625 0.66328125 0.13125 0.265625
0 0.5171875 0.85703125 0.0765625 0.1140625
2 0.61484375 0.203125 0.10390625 0.1875
0 0.740625 0.484375 0.08828125 0.1375
2 0.62421875 0.87578125 0.1140625 0.24296875
3 0.10546875 0.0921875 0.11640625 0.18359375
3 0.8171875 0.8859375 0.1375 0.228125
3 0.73671875 0.92109375 0.0953125 0.1578125
3 0.96796875 0.06640625 0.0515625 0.1328125