0 0.76640625 0.72890625 0.09375 0.1546875
0 0.7375 0.6359375 0.0890625 0.178125
0 0.565625 0.78125 0.0671875 0.1
0 0.6421875 0.95625 0.0703125 0.0875
0 0.49921875 0.94296875 0.084375 0.0984375
1 0.08828125 0.75546875 0.115625 0.221875
0 0.259375 0.23671875 0.071875 0.14375
3 0.38671875 0.13046875 0.15 0.134375
0 0.4953125 0.14921875 0.084375 0.153125
1 0.446875 0.05859375 0.109375 0.1171875
3 0.6453125 0.47265625 0.228125 0.284375
0 0.85625 0.5890625 0.0421875 0.0890625
0 0.8453125 0.22578125 0.053125 0.084375