1 0.228125 0.40390625 0.1515625 0.31875
3 0.26484375 0.79375 0.1421875 0.25
1 0.2171875 0.16640625 0.16328125 0.2125
0 0.91484375 0.29296875 0.05703125 0.11015625
3 0.121875 0.4203125 0.0640625 0.24609375
0 0.69765625 0.48046875 0.08671875 0.15703125
3 0.19765625 0.8703125 0.0578125 0.1375
0 0.4265625 0.01953125 0.05625 0.0375
2 0.43125 0.2484375 0.1140625 0.15078125
1 0.5671875 0.76796875 0.13359375 0.30234375
1 0.79453125 0.8125 0.1109375 0.2578125
0 0.75 0.8453125 0.096875 0.16796875
3 0.50703125 0.10703125 0.1625 0.21328125