3 0.575 0.19140625 0.11328125 0.13125
3 0.3765625 0.621875 0.08984375 0.378125
3 0.94609375 0.54375 0.1078125 0.1875
2 0.26171875 0.22734375 0.12890625 0.2921875
1 0.415625 0.42109375 0.1703125 0.22421875
0 0.65390625 0.83125 0.06328125 0.1046875
0 0.4546875 0.75390625 0.0640625 0.16875
2 0.84921875 0.81484375 0.1328125 0.27578125
0 0.8484375 0.62734375 0.06640625 0.1328125
0 0.32421875 0.16484375 0.0796875 0.14296875
0 0.51875 0.92578125 0.0796875 0.1375
3 0.6515625 0.040625 0.125 0.08046875
3 0.68828125 0.32109375 0.16875 0.2375
3 0.43984375 0.12578125 0.1453125 0.2515625
3 0.3078125 0.71953125 0.140625 0.28125