1 0.7578125 0.4296875 0.16484375 0.25546875
3 0.8859375 0.5953125 0.08359375 0.16953125
0 0.89765625 0.38359375 0.07578125 0.16328125
1 0.75859375 0.67265625 0.15390625 0.20625
1 0.26953125 0.1640625 0.20078125 0.31875
0 0.5515625 0.496875 0.065625 0.11640625
0 0.7765625 0.80078125 0.071875 0.14609375
3 0.58203125 0.2984375 0.1546875 0.25234375
3 0.65234375 0.15390625 0.13671875 0.28984375
3 0.17734375 0.1109375 0.1328125 0.22109375
2 0.62265625 0.8265625 0.1859375 0.346875
2 0.25234375 0.5390625 0.1609375 0.265625
2 0.38359375 0.41796875 0.17109375 0.51015625
0 0.5671875 0.06875 0.09140625 0.1171875