3 0.2578125 0.72734375 0.15078125 0.10546875
0 0.396875 0.76484375 0.09453125 0.13515625
1 0.3546875 0.93125 0.159375 0.1375
1 0.6484375 0.88359375 0.1296875 0.2015625
1 0.6734375 0.27578125 0.16796875 0.35625
1 0.8421875 0.259375 0.08125 0.271875
0 0.86484375 0.5046875 0.05859375 0.1421875
0 0.975 0.2546875 0.04453125 0.1375
0 0.2890625 0.265625 0.08359375 0.16484375
0 0.446875 0.09921875 0.1140625 0.17421875
2 0.240625 0.13203125 0.13515625 0.2359375
2 0.8203125 0.0609375 0.153125 0.121875
1 0.58203125 0.62265625 0.13671875 0.26796875
0 0.7 0.03828125 0.0890625 0.0765625
3 0.1671875 0.33203125 0.1125 0.1875
3 0.7984375 0.55859375 0.0703125 0.31015625