2 0.2984375 0.7421875 0.1765625 0.171875
2 0.23515625 0.88828125 0.1609375 0.221875
2 0.553125 0.88984375 0.084375 0.21875
1 0.11953125 0.625 0.125 0.2375
1 0.85703125 0.14921875 0.1328125 0.2203125
1 0.6421875 0.19296875 0.2125 0.29375
3 0.5203125 0.30859375 0.175 0.1796875
2 0.53515625 0.56484375 0.240625 0.2984375
0 0.37578125 0.4078125 0.08125 0.165625
0 0.36953125 0.08359375 0.1734375 0.165625
3 0.225 0.06875 0.1125 0.1375
0 0.8734375 0.64765625 0.0421875 0.1015625
3 0.7671875 0.77109375 0.1625 0.096875
3 0.8359375 0.65546875 0.0625 0.228125
2 0.39609375 0.60625 0.103125 0.203125