1 0.6953125 0.5890625 0.1734375 0.3640625
1 0.3171875 0.2828125 0.13125 0.2375
3 0.2140625 0.24921875 0.1125 0.24453125
1 0.453125 0.08359375 0.11796875 0.1609375
1 0.65625 0.125 0.128125 0.24765625
0 0.16171875 0.53828125 0.12109375 0.2078125
0 0.52578125 0.70703125 0.09140625 0.1390625
0 0.17734375 0.86484375 0.07421875 0.10859375
0 0.09296875 0.128125 0.04765625 0.128125
0 0.45234375 0.6640625 0.04453125 0.0984375
0 0.8609375 0.453125 0.084375 0.1375
0 0.84765625 0.7828125 0.075 0.1546875
1 0.1 0.70546875 0.1015625 0.290625