3 0.76484375 0.7078125 0.1640625 0.20234375
1 0.42890625 0.440625 0.19296875 0.28359375
1 0.67734375 0.25390625 0.1484375 0.17578125
0 0.58125 0.4484375 0.07421875 0.18203125
0 0.6453125 0.68203125 0.06875 0.1296875
3 0.90625 0.06953125 0.07109375 0.1359375
0 0.540625 0.5109375 0.0609375 0.14765625
0 0.08515625 0.86796875 0.08203125 0.15703125
3 0.30703125 0.8078125 0.13125 0.090625
3 0.3515625 0.72734375 0.165625 0.14296875
2 0.78515625 0.315625 0.090625 0.29609375
0 0.63203125 0.11796875 0.0890625 0.1375
0 0.13984375 0.32421875 0.05390625 0.16328125