0 0.1046875 0.63203125 0.0859375 0.059375
1 0.45625 0.82421875 0.290625 0.115625
1 0.91796875 0.828125 0.1640625 0.128125
0 0.97421875 0.896875 0.0515625 0.03125
1 0.9375 0.69921875 0.125 0.134375
0 0.846875 0.22421875 0.1375 0.06875
1 0.846875 0.09375 0.16875 0.1078125
3 0.96328125 0.0609375 0.0734375 0.0453125
0 0.80859375 0.353125 0.109375 0.0625
1 0.63515625 0.275 0.278125 0.1546875
1 0.4859375 0.1921875 0.209375 0.153125
1 0.64140625 0.16953125 0.26875 0.140625
0 0.30625 0.18125 0.1375 0.06875
0 0.403125 0.24140625 0.1375 0.078125
2 0.490625 0.61953125 0.35 0.14375
0 0.5828125 0.71796875 0.16875 0.0921875
2 0.6328125 0.8609375 0.29375 0.15
0 0.52890625 0.8375 0.04375 0.028125
0 0.46640625 0.77734375 0.153125 0.0625
2 0.41484375 0.71015625 0.203125 0.115625
0 0.02734375 0.76015625 0.0546875 0.11875
0 0.23359375 0.28984375 0.06875 0.053125
3 0.26484375 0.2328125 0.14375 0.075
2 0.66640625 0.38046875 0.184375 0.1375
0 0.97578125 0.40703125 0.046875 0.090625
3 0.9375 0.29296875 0.125 0.121875