1 0.2546875 0.4515625 0.2 0.2609375
1 0.21953125 0.21328125 0.1765625 0.26328125
1 0.45078125 0.08515625 0.196875 0.1703125
2 0.63203125 0.14453125 0.1875 0.2890625
1 0.9203125 0.3109375 0.1171875 0.26953125
3 0.74375 0.8546875 0.09375 0.290625
0 0.48515625 0.715625 0.0859375 0.17578125
0 0.471875 0.5546875 0.08046875 0.15546875
0 0.56953125 0.58125 0.0765625 0.09921875
3 0.07578125 0.66953125 0.09921875 0.1953125
0 0.59296875 0.50546875 0.05859375 0.06796875
1 0.81171875 0.2109375 0.15390625 0.33203125
0 0.7765625 0.6296875 0.05859375 0.11484375
0 0.76015625 0.428125 0.0578125 0.13203125
3 0.37265625 0.3390625 0.12578125 0.39609375
1 0.5828125 0.94140625 0.184375 0.1171875
1 0.678125 0.31015625 0.11875 0.15