0 0.71171875 0.1171875 0.0953125 0.121875
1 0.62734375 0.22265625 0.159375 0.315625
2 0.50703125 0.2484375 0.109375 0.328125
3 0.39609375 0.16015625 0.125 0.1546875
1 0.30390625 0.32109375 0.121875 0.259375
1 0.0921875 0.32265625 0.1390625 0.2453125
0 0.20859375 0.48671875 0.0828125 0.1125
0 0.16328125 0.721875 0.0625 0.0953125
0 0.22109375 0.80078125 0.046875 0.096875
1 0.30390625 0.8078125 0.1 0.25
1 0.41484375 0.63515625 0.209375 0.328125
0 0.828125 0.946875 0.0671875 0.1
3 0.29296875 0.16015625 0.059375 0.2