1 0.8546875 0.18046875 0.1234375 0.32734375
0 0.38984375 0.35234375 0.10234375 0.20546875
3 0.8953125 0.3921875 0.11484375 0.14375
0 0.3046875 0.403125 0.07578125 0.121875
3 0.325 0.92890625 0.1 0.14140625
0 0.1609375 0.4609375 0.059375 0.10859375
3 0.83125 0.859375 0.08203125 0.12890625
3 0.1984375 0.54765625 0.12421875 0.28359375
0 0.7859375 0.971875 0.1078125 0.05546875
0 0.16328125 0.75390625 0.05859375 0.09296875
0 0.89375 0.5953125 0.08046875 0.1234375
0 0.20546875 0.8328125 0.0859375 0.1546875