3 0.53671875 0.86953125 0.221875 0.1125
1 0.0625 0.6859375 0.125 0.1578125
1 0.284375 0.7109375 0.3125 0.0921875
0 0.53046875 0.64375 0.1375 0.06875
3 0.0640625 0.46484375 0.128125 0.159375
3 0.1546875 0.2328125 0.146875 0.121875
3 0.1953125 0.315625 0.090625 0.121875
0 0.29921875 0.196875 0.1078125 0.053125
1 0.30234375 0.43515625 0.3375 0.15
0 0.5703125 0.3203125 0.140625 0.0609375
3 0.89375 0.509375 0.1796875 0.2
0 0.04453125 0.29453125 0.0890625 0.0796875
2 0.29609375 0.55 0.23125 0.103125
2 0.559375 0.4140625 0.265625 0.1484375