0 0.6703125 0.64609375 0.08828125 0.11796875
2 0.7109375 0.88984375 0.17421875 0.21796875
1 0.840625 0.6546875 0.09140625 0.21796875
1 0.84609375 0.81796875 0.1125 0.153125
2 0.4515625 0.9515625 0.10390625 0.096875
2 0.61171875 0.884375 0.09609375 0.1453125
2 0.2140625 0.19140625 0.1328125 0.1703125
3 0.63359375 0.253125 0.16171875 0.25390625
3 0.48515625 0.15234375 0.13984375 0.2
1 0.5859375 0.07421875 0.08671875 0.14765625
0 0.95 0.12421875 0.04609375 0.11328125
0 0.946875 0.49921875 0.05859375 0.12109375
0 0.9328125 0.0265625 0.0390625 0.053125