0 0.17890625 0.72734375 0.11875 0.0890625
3 0.49609375 0.915625 0.246875 0.0578125
0 0.1 0.421875 0.10625 0.084375
0 0.16484375 0.26328125 0.15 0.0453125
0 0.253125 0.109375 0.1203125 0.0625
3 0.0515625 0.0703125 0.103125 0.071875
3 0.21953125 0.35390625 0.3125 0.1375
3 0.10234375 0.8171875 0.1984375 0.075
0 0.7484375 0.5125 0.125 0.084375
0 0.73046875 0.42578125 0.0625 0.084375
2 0.66953125 0.621875 0.128125 0.15625
1 0.9234375 0.8109375 0.153125 0.1671875
0 0.63671875 0.4390625 0.128125 0.078125
3 0.71953125 0.21328125 0.08125 0.053125
2 0.9 0.50859375 0.2 0.103125