0 0.503125 0.9453125 0.14375 0.0625
0 0.67734375 0.5359375 0.1328125 0.075
1 0.18671875 0.5421875 0.3109375 0.128125
1 0.35078125 0.3265625 0.16875 0.1453125
1 0.6234375 0.1515625 0.24375 0.1015625
0 0.5328125 0.0921875 0.13125 0.04375
0 0.446875 0.44453125 0.159375 0.0921875
0 0.35 0.5046875 0.1640625 0.109375
3 0.47265625 0.31953125 0.171875 0.184375
2 0.7546875 0.39453125 0.178125 0.109375
0 0.8109375 0.0890625 0.065625 0.034375
0 0.83125 0.10546875 0.071875 0.03125
3 0.57109375 0.80390625 0.1265625 0.10625