3 0.09453125 0.94609375 0.06875 0.1078125
3 0.15078125 0.796875 0.075 0.2046875
1 0.2734375 0.85703125 0.18125 0.28515625
0 0.29921875 0.61328125 0.0796875 0.2515625
3 0.4703125 0.553125 0.15 0.1703125
3 0.96484375 0.8984375 0.05390625 0.18515625
0 0.80390625 0.0625 0.0796875 0.125
0 0.4484375 0.26796875 0.13515625 0.1609375
0 0.48515625 0.31875 0.0546875 0.08515625
0 0.3328125 0.3328125 0.08828125 0.15546875
0 0.26484375 0.396875 0.0625 0.121875
3 0.10234375 0.4703125 0.14140625 0.2265625
2 0.63203125 0.21484375 0.228125 0.29609375
3 0.3234375 0.1140625 0.11484375 0.228125