1 0.25859375 0.0921875 0.16953125 0.18359375
1 0.4703125 0.7984375 0.15546875 0.2140625
3 0.415625 0.6234375 0.17421875 0.34140625
3 0.4546875 0.934375 0.140625 0.10078125
0 0.146875 0.36953125 0.05703125 0.1109375
3 0.32890625 0.9640625 0.0953125 0.071875
3 0.340625 0.3015625 0.0921875 0.20703125
0 0.940625 0.7546875 0.06640625 0.08828125
0 0.259375 0.8 0.10078125 0.2390625
1 0.72109375 0.6859375 0.0921875 0.340625
3 0.6296875 0.6078125 0.146875 0.23203125
2 0.2953125 0.45859375 0.090625 0.30546875
3 0.51640625 0.18359375 0.2359375 0.28671875
2 0.3828125 0.10546875 0.14921875 0.2109375