1 0.63046875 0.27890625 0.171875 0.334375
1 0.10703125 0.3609375 0.0984375 0.328125
1 0.72890625 0.084375 0.1453125 0.16875
2 0.121875 0.90625 0.1125 0.1875
0 0.278125 0.553125 0.075 0.146875
0 0.1609375 0.11328125 0.075 0.134375
0 0.06171875 0.096875 0.0609375 0.1484375
0 0.25625 0.1125 0.071875 0.134375
0 0.7390625 0.58671875 0.0765625 0.171875
0 0.15078125 0.73125 0.05 0.1390625
0 0.35859375 0.078125 0.0875 0.1296875
3 0.48671875 0.14375 0.1609375 0.15625
3 0.75859375 0.79375 0.115625 0.271875
0 0.64609375 0.8546875 0.1125 0.15625
3 0.2234375 0.278125 0.1390625 0.184375