1 0.80234375 0.6703125 0.1859375 0.30859375
3 0.209375 0.88203125 0.12421875 0.1890625
0 0.7859375 0.18359375 0.0859375 0.16875
3 0.178125 0.66796875 0.15078125 0.16015625
0 0.89453125 0.24140625 0.08359375 0.153125
3 0.25234375 0.05546875 0.115625 0.1109375
0 0.8578125 0.0953125 0.07890625 0.16171875
0 0.49140625 0.3765625 0.08359375 0.16328125
2 0.690625 0.93359375 0.14921875 0.1328125
3 0.51171875 0.94296875 0.08359375 0.1140625
0 0.1609375 0.73671875 0.059375 0.090625
2 0.6125 0.675 0.0875 0.32109375