1 0.2203125 0.64140625 0.16875 0.28125
1 0.5875 0.81640625 0.1640625 0.2828125
3 0.8296875 0.71328125 0.0609375 0.1890625
0 0.69140625 0.834375 0.05546875 0.16484375
0 0.1921875 0.23984375 0.04921875 0.1203125
1 0.7421875 0.9546875 0.125 0.090625
0 0.11796875 0.51875 0.0734375 0.10546875
0 0.565625 0.4859375 0.084375 0.1671875
3 0.02890625 0.8796875 0.05703125 0.2234375
0 0.21484375 0.05078125 0.078125 0.1
0 0.56640625 0.03828125 0.0796875 0.0765625
2 0.11953125 0.38046875 0.11484375 0.190625
2 0.80234375 0.8796875 0.14140625 0.21171875
0 0.8921875 0.6859375 0.06875 0.146875
3 0.79765625 0.60078125 0.09140625 0.1796875
0 0.946875 0.16875 0.03828125 0.1171875