0 0.1859375 0.25859375 0.0953125 0.19375
1 0.3953125 0.14453125 0.1390625 0.2890625
1 0.58828125 0.18671875 0.178125 0.290625
0 0.4890625 0.75859375 0.0890625 0.1375
0 0.440625 0.85078125 0.0875 0.175
0 0.3953125 0.95859375 0.071875 0.08125
0 0.69296875 0.46875 0.078125 0.1578125
0 0.57421875 0.39921875 0.090625 0.10625
0 0.53671875 0.290625 0.084375 0.109375
0 0.31328125 0.2609375 0.06875 0.13125
1 0.83359375 0.38046875 0.153125 0.3296875
0 0.7875 0.765625 0.0671875 0.134375
1 0.53671875 0.58125 0.209375 0.2390625