0 0.228125 0.7671875 0.06328125 0.253125
0 0.32890625 0.67421875 0.14765625 0.31171875
0 0.42109375 0.53828125 0.1 0.1765625
0 0.4546875 0.825 0.0984375 0.16796875
3 0.5421875 0.628125 0.15234375 0.30546875
1 0.67265625 0.6890625 0.11953125 0.31953125
1 0.82421875 0.54375 0.1515625 0.26484375
2 0.66328125 0.20078125 0.09453125 0.290625
2 0.52578125 0.14375 0.134375 0.1984375
0 0.53828125 0.94765625 0.07578125 0.1046875
1 0.2625 0.1796875 0.20078125 0.19765625
0 0.41328125 0.08671875 0.11640625 0.17265625