1 0.7875 0.48984375 0.1328125 0.3453125
1 0.2625 0.04375 0.146875 0.0875
1 0.2265625 0.90625 0.13984375 0.18671875
1 0.0859375 0.90390625 0.1328125 0.19140625
1 0.40859375 0.065625 0.16640625 0.13046875
2 0.90625 0.58828125 0.12421875 0.30078125
0 0.7125 0.5984375 0.08828125 0.21015625
0 0.809375 0.8046875 0.0765625 0.10859375
0 0.39375 0.9703125 0.065625 0.059375
0 0.17421875 0.6375 0.07578125 0.17265625
0 0.56875 0.48125 0.08671875 0.1515625
3 0.5171875 0.73359375 0.08515625 0.33203125
3 0.61328125 0.6484375 0.125 0.38828125
0 0.89765625 0.10234375 0.07890625 0.14296875
0 0.17421875 0.190625 0.10859375 0.2921875
3 0.6453125 0.89453125 0.0765625 0.21015625