2 0.72734375 0.46484375 0.209375 0.39765625
2 0.60234375 0.221875 0.09765625 0.28828125
3 0.5140625 0.2390625 0.09453125 0.23828125
1 0.57890625 0.91171875 0.08515625 0.1765625
0 0.75703125 0.8328125 0.06640625 0.14609375
1 0.64453125 0.7609375 0.134375 0.25390625
3 0.0234375 0.78203125 0.046875 0.215625
1 0.38984375 0.5015625 0.17109375 0.22109375
0 0.61015625 0.609375 0.11171875 0.19453125
0 0.86015625 0.8953125 0.06484375 0.13046875
0 0.84453125 0.62890625 0.1015625 0.1640625
2 0.36015625 0.75625 0.16328125 0.31875
0 0.4203125 0.3265625 0.109375 0.18203125