1 0.3078125 0.50625 0.171875 0.221875
2 0.6375 0.60703125 0.1890625 0.31875
2 0.85625 0.23046875 0.121875 0.30625
2 0.6203125 0.27734375 0.2171875 0.3125
1 0.21171875 0.7296875 0.2078125 0.3
1 0.54140625 0.803125 0.184375 0.1890625
1 0.6953125 0.884375 0.1421875 0.23125
1 0.83984375 0.87578125 0.1125 0.2421875
2 0.3796875 0.8125 0.1375 0.2515625
3 0.58515625 0.909375 0.1234375 0.125
0 0.07109375 0.45859375 0.08125 0.15625
3 0.38359375 0.1375 0.146875 0.246875
0 0.58359375 0.03984375 0.0953125 0.0796875
0 0.8046875 0.053125 0.0546875 0.10625