1 0.2828125 0.18125 0.18203125 0.2703125
3 0.15859375 0.1390625 0.121875 0.16484375
1 0.1640625 0.4796875 0.17265625 0.26171875
0 0.1640625 0.63671875 0.0484375 0.0921875
3 0.23046875 0.640625 0.08125 0.08046875
2 0.178125 0.85703125 0.1125 0.24765625
1 0.45625 0.7796875 0.20625 0.2078125
1 0.47578125 0.52890625 0.2203125 0.3625
0 0.6828125 0.8015625 0.06875 0.1453125
0 0.59609375 0.378125 0.06875 0.18359375
0 0.95703125 0.95390625 0.040625 0.09140625
1 0.89296875 0.07734375 0.1078125 0.1546875
2 0.6296875 0.09140625 0.171875 0.1828125