3 0.2859375 0.76875 0.084375 0.16875
0 0.76484375 0.49296875 0.065625 0.09921875
0 0.11953125 0.9375 0.07421875 0.0828125
3 0.19609375 0.85078125 0.09765625 0.10390625
1 0.38828125 0.80859375 0.14921875 0.1125
1 0.4015625 0.91328125 0.1921875 0.1671875
0 0.9140625 0.61953125 0.0578125 0.09453125
3 0.59296875 0.7546875 0.18359375 0.35
0 0.475 0.61328125 0.08515625 0.1515625
2 0.4515625 0.465625 0.1796875 0.18203125
0 0.20625 0.5421875 0.0625 0.1296875
0 0.10234375 0.1625 0.0453125 0.153125
0 0.84453125 0.93359375 0.0859375 0.1328125
3 0.78046875 0.59453125 0.10078125 0.08828125