0 0.72734375 0.82109375 0.08828125 0.11796875
3 0.915625 0.50390625 0.0578125 0.246875
0 0.421875 0.9 0.084375 0.10546875
0 0.26328125 0.83515625 0.0453125 0.14921875
0 0.109375 0.746875 0.06171875 0.1203125
3 0.0703125 0.9484375 0.07109375 0.10234375
3 0.35390625 0.78046875 0.13828125 0.31171875
3 0.8171875 0.89765625 0.07421875 0.1984375
0 0.5125 0.2515625 0.084375 0.12421875
0 0.42578125 0.26953125 0.084375 0.06328125
2 0.621875 0.33046875 0.15546875 0.128125
1 0.8109375 0.0765625 0.16640625 0.15234375
0 0.4390625 0.36328125 0.07890625 0.12734375
3 0.21328125 0.28046875 0.05390625 0.08203125
2 0.50859375 0.1 0.10390625 0.2
3 0.6265625 0.6 0.1859375 0.31015625
3 0.7171875 0.665625 0.0734375 0.18671875
3 0.5984375 0.778125 0.140625 0.14296875