1 0.50546875 0.46015625 0.1765625 0.290625
1 0.24921875 0.92578125 0.171875 0.14765625
3 0.2140625 0.5609375 0.175 0.20859375
0 0.328125 0.61953125 0.09765625 0.2234375
0 0.33125 0.07578125 0.08046875 0.12890625
0 0.39453125 0.20234375 0.0640625 0.11328125
1 0.240625 0.7515625 0.14375 0.215625
0 0.88671875 0.08515625 0.04609375 0.1546875
3 0.65859375 0.12265625 0.11796875 0.23828125
2 0.75390625 0.13671875 0.08046875 0.26796875
0 0.31953125 0.42890625 0.0578125 0.0828125
2 0.66328125 0.8 0.12734375 0.26953125
3 0.815625 0.85625 0.23125 0.28671875
3 0.946875 0.8828125 0.04296875 0.184375
3 0.58828125 0.9390625 0.08984375 0.121875