1 0.73984375 0.65546875 0.21015625 0.2296875
3 0.265625 0.88203125 0.18125 0.22265625
1 0.3140625 0.50078125 0.1671875 0.23671875
0 0.41953125 0.79375 0.075 0.07890625
0 0.603125 0.08828125 0.0921875 0.16484375
0 0.21484375 0.15546875 0.06484375 0.12265625
3 0.7109375 0.8140625 0.1796875 0.15859375
0 0.109375 0.584375 0.071875 0.19375
0 0.6359375 0.61484375 0.06640625 0.1375
3 0.96875 0.4515625 0.0625 0.16875
3 0.4375 0.61640625 0.08515625 0.1609375
0 0.725 0.53203125 0.0578125 0.09765625
2 0.140625 0.29296875 0.1234375 0.253125