1 0.9078125 0.76171875 0.1203125 0.23984375
1 0.821875 0.91875 0.125 0.1625
3 0.70703125 0.559375 0.165625 0.17890625
3 0.72734375 0.1671875 0.14453125 0.32109375
3 0.58203125 0.92265625 0.071875 0.1515625
0 0.171875 0.96484375 0.08125 0.0703125
3 0.93359375 0.5359375 0.09375 0.20078125
1 0.34296875 0.065625 0.1296875 0.13125
0 0.9171875 0.1421875 0.0578125 0.12734375
1 0.37890625 0.50078125 0.19140625 0.24453125
0 0.35234375 0.16796875 0.06328125 0.0984375
0 0.50546875 0.93515625 0.0734375 0.1296875