1 0.17734375 0.1265625 0.2703125 0.18125
2 0.25859375 0.35 0.321875 0.1265625
1 0.22890625 0.44296875 0.28125 0.1984375
1 0.68671875 0.509375 0.215625 0.16875
0 0.88125 0.64375 0.18125 0.103125
0 0.09453125 0.7484375 0.125 0.071875
0 0.8921875 0.284375 0.121875 0.084375
0 0.90859375 0.1734375 0.178125 0.05
1 0.57578125 0.62109375 0.234375 0.0796875
0 0.46328125 0.5 0.153125 0.1
0 0.3296875 0.73203125 0.121875 0.0703125
3 0.5203125 0.7171875 0.234375 0.071875
1 0.303125 0.815625 0.2296875 0.1265625
0 0.478125 0.67421875 0.1640625 0.109375
1 0.9375 0.0796875 0.125 0.125
0 0.8734375 0.45546875 0.075 0.0875
1 0.0640625 0.13671875 0.1265625 0.146875