1 0.5875 0.184375 0.1796875 0.23984375
0 0.4953125 0.634375 0.06796875 0.1234375
0 0.8390625 0.73203125 0.059375 0.11171875
1 0.74140625 0.79296875 0.16171875 0.21875
0 0.609375 0.6984375 0.16171875 0.309375
3 0.65390625 0.3890625 0.16484375 0.29765625
2 0.73203125 0.59453125 0.11328125 0.26484375
0 0.065625 0.1484375 0.05546875 0.20390625
0 0.34765625 0.76484375 0.10546875 0.175
3 0.8875 0.065625 0.14140625 0.13125
3 0.38046875 0.4734375 0.1515625 0.378125
0 0.8265625 0.30546875 0.04921875 0.121875
0 0.7796875 0.3 0.0609375 0.1515625
2 0.521875 0.86875 0.13046875 0.2625
0 0.21328125 0.96328125 0.06640625 0.0734375
2 0.20390625 0.290625 0.14609375 0.1765625
2 0.175 0.49140625 0.140625 0.2296875
2 0.78125 0.92421875 0.153125 0.1515625
3 0.37734375 0.16875 0.190625 0.1734375
3 0.21015625 0.78671875 0.1359375 0.13984375
3 0.19921875 0.64375 0.18828125 0.19765625