2 0.79375 0.81015625 0.171875 0.265625
0 0.44375 0.74921875 0.1375 0.253125
0 0.9375 0.95234375 0.046875 0.0953125
0 0.28828125 0.13671875 0.084375 0.1328125
0 0.7671875 0.115625 0.046875 0.1328125
0 0.7234375 0.10859375 0.040625 0.15625
0 0.67109375 0.16328125 0.075 0.1390625
0 0.58828125 0.365625 0.08125 0.1046875
1 0.74375 0.33671875 0.18125 0.271875
1 0.6265625 0.08828125 0.16875 0.1765625
1 0.43515625 0.0609375 0.2 0.121875
3 0.4375 0.153125 0.1625 0.0953125
1 0.55546875 0.5125 0.1984375 0.271875
0 0.40234375 0.5671875 0.0890625 0.125
3 0.128125 0.6609375 0.05625 0.109375
3 0.4609375 0.90234375 0.153125 0.19375
1 0.17421875 0.93828125 0.1015625 0.1234375
3 0.98515625 0.95 0.0203125 0.1