1 0.4890625 0.50703125 0.184375 0.340625
1 0.83359375 0.83984375 0.1421875 0.1828125
0 0.490625 0.928125 0.0828125 0.14375
0 0.2453125 0.85625 0.10625 0.215625
0 0.16640625 0.2546875 0.071875 0.15625
0 0.2078125 0.48359375 0.06875 0.14375
0 0.56796875 0.1078125 0.078125 0.153125
3 0.4265625 0.0640625 0.08125 0.1265625
0 0.37578125 0.0734375 0.065625 0.1328125
2 0.303125 0.06640625 0.0875 0.13125
3 0.2546875 0.15625 0.065625 0.18125
0 0.384375 0.56484375 0.084375 0.1328125
2 0.34296875 0.2234375 0.15625 0.2234375
0 0.45078125 0.253125 0.0921875 0.178125
0 0.8265625 0.08671875 0.10625 0.159375