3 0.3015625 0.41640625 0.0796875 0.38203125
3 0.534375 0.6921875 0.07578125 0.23203125
3 0.403125 0.37890625 0.08046875 0.27890625
3 0.4296875 0.715625 0.19140625 0.25546875
2 0.22890625 0.83046875 0.16015625 0.33828125
2 0.75 0.61015625 0.11796875 0.3421875
1 0.853125 0.28515625 0.13359375 0.3453125
1 0.32578125 0.84765625 0.103125 0.3046875
3 0.6984375 0.409375 0.09453125 0.33125
3 0.18828125 0.553125 0.14609375 0.27578125
3 0.05234375 0.7375 0.1046875 0.21875
2 0.84140625 0.05859375 0.1390625 0.1171875
3 0.39296875 0.91171875 0.0640625 0.1765625