1 0.65390625 0.5703125 0.15546875 0.25859375
1 0.35078125 0.4546875 0.19609375 0.2578125
0 0.375 0.590625 0.05546875 0.075
3 0.61796875 0.14765625 0.14140625 0.2203125
0 0.50859375 0.30390625 0.1 0.178125
2 0.83046875 0.88984375 0.06484375 0.17421875
2 0.83984375 0.58671875 0.12109375 0.28984375
3 0.41640625 0.9421875 0.08046875 0.115625
0 0.9046875 0.81171875 0.07421875 0.1390625
0 0.2203125 0.40078125 0.06875 0.15546875
0 0.23046875 0.61640625 0.05859375 0.14296875
3 0.021875 0.8296875 0.04296875 0.21875
0 0.03984375 0.96796875 0.0375 0.0640625
0 0.52265625 0.91796875 0.09453125 0.1640625
0 0.8421875 0.2546875 0.05859375 0.090625
0 0.5515625 0.353125 0.059375 0.13203125