1 0.2421875 0.5703125 0.16484375 0.25546875
3 0.1140625 0.4046875 0.08359375 0.16953125
0 0.10234375 0.61640625 0.07578125 0.16328125
1 0.24140625 0.32734375 0.15390625 0.20625
1 0.73046875 0.8359375 0.20078125 0.31875
0 0.4484375 0.503125 0.065625 0.11640625
0 0.2234375 0.19921875 0.071875 0.14609375
3 0.41796875 0.7015625 0.1546875 0.25234375
3 0.34765625 0.84609375 0.13671875 0.28984375
3 0.82265625 0.8890625 0.1328125 0.22109375
2 0.37734375 0.1734375 0.1859375 0.346875
2 0.74765625 0.4609375 0.1609375 0.265625
2 0.61640625 0.58203125 0.17109375 0.51015625
0 0.4328125 0.93125 0.09140625 0.1171875