0 0.9390625 0.859375 0.121875 0.059375
0 0.85546875 0.953125 0.0984375 0.0453125
3 0.94296875 0.603125 0.1140625 0.1875
0 0.80078125 0.696875 0.125 0.0484375
1 0.77890625 0.42734375 0.296875 0.171875
3 0.87265625 0.19609375 0.2546875 0.1125
2 0.95625 0.35390625 0.0875 0.1421875
3 0.3171875 0.13359375 0.16875 0.096875
3 0.45078125 0.2140625 0.121875 0.0703125
1 0.23671875 0.28828125 0.315625 0.2234375
2 0.34765625 0.53828125 0.34375 0.10625
1 0.0796875 0.61640625 0.159375 0.165625
0 0.06328125 0.75859375 0.1265625 0.06875
1 0.40234375 0.76171875 0.284375 0.15
3 0.53203125 0.6234375 0.284375 0.15
0 0.09140625 0.24921875 0.11875 0.1
0 0.084375 0.1203125 0.08125 0.065625