2 0.309375 0.09140625 0.1359375 0.175
1 0.7921875 0.078125 0.1390625 0.15546875
1 0.20234375 0.07578125 0.10234375 0.14921875
3 0.565625 0.3875 0.1109375 0.18671875
1 0.875 0.9578125 0.084375 0.08359375
3 0.546875 0.93203125 0.19375 0.13515625
0 0.27421875 0.846875 0.084375 0.13203125
2 0.52890625 0.20546875 0.20703125 0.2078125
0 0.38046875 0.7046875 0.065625 0.1328125
0 0.57890625 0.0515625 0.0765625 0.103125
2 0.24609375 0.2640625 0.11171875 0.1453125
3 0.79375 0.96015625 0.07890625 0.0796875
3 0.68984375 0.11171875 0.13125 0.2140625