2 0.7203125 0.12109375 0.175 0.21875
3 0.56171875 0.71015625 0.1421875 0.20546875
1 0.42734375 0.07421875 0.1578125 0.14765625
1 0.2328125 0.23203125 0.11953125 0.31953125
0 0.6796875 0.29296875 0.08046875 0.16328125
3 0.6203125 0.84140625 0.12265625 0.1171875
3 0.796875 0.3015625 0.15546875 0.19140625
0 0.42578125 0.22734375 0.0828125 0.153125
0 0.3890625 0.38828125 0.078125 0.13515625
0 0.92421875 0.64296875 0.0484375 0.1265625
0 0.1859375 0.0984375 0.05 0.121875
3 0.21875 0.61484375 0.1171875 0.0828125
0 0.72578125 0.9140625 0.05078125 0.16328125
0 0.70859375 0.40703125 0.0765625 0.146875
3 0.61640625 0.21640625 0.05078125 0.2890625
0 0.18203125 0.45390625 0.13046875 0.25234375
3 0.021875 0.21796875 0.04296875 0.221875
3 0.51171875 0.390625 0.1359375 0.34296875
3 0.7921875 0.83515625 0.07578125 0.18984375
3 0.453125 0.88828125 0.1515625 0.2140625