2 0.80546875 0.5765625 0.20859375 0.3015625
0 0.525 0.1140625 0.08828125 0.11953125
2 0.3390625 0.07578125 0.184375 0.1515625
3 0.25859375 0.66484375 0.1015625 0.13359375
0 0.0609375 0.56171875 0.0703125 0.18203125
0 0.07421875 0.40390625 0.0828125 0.159375
1 0.57109375 0.8046875 0.18828125 0.3078125
0 0.16484375 0.76640625 0.0953125 0.2296875
2 0.34765625 0.53984375 0.10234375 0.28046875
3 0.57265625 0.4359375 0.184375 0.2703125
3 0.64375 0.28828125 0.20546875 0.29296875
3 0.66015625 0.56015625 0.11953125 0.1984375
2 0.26640625 0.27421875 0.153125 0.2796875
3 0.2109375 0.92421875 0.11953125 0.15078125