1 0.2078125 0.4390625 0.16640625 0.20859375
2 0.27734375 0.74921875 0.125 0.2828125
1 0.49453125 0.27421875 0.1421875 0.3125
0 0.84296875 0.53125 0.07734375 0.08984375
0 0.11484375 0.34375 0.11484375 0.0890625
0 0.1828125 0.97265625 0.0484375 0.0515625
3 0.5828125 0.4328125 0.0625 0.221875
0 0.87109375 0.38203125 0.07578125 0.109375
3 0.21640625 0.8984375 0.13828125 0.1703125
3 0.75703125 0.3828125 0.06796875 0.21015625
0 0.83984375 0.2234375 0.10078125 0.20078125
0 0.09765625 0.23671875 0.04921875 0.09140625
3 0.34609375 0.90546875 0.13671875 0.1890625
0 0.01953125 0.784375 0.0390625 0.13125