0 0.55078125 0.72578125 0.1484375 0.25625
0 0.85859375 0.8421875 0.0671875 0.12421875
1 0.54453125 0.89921875 0.17734375 0.20078125
2 0.56796875 0.384375 0.09140625 0.22890625
0 0.39453125 0.43828125 0.0796875 0.13125
0 0.43515625 0.19453125 0.07421875 0.10078125
0 0.43359375 0.590625 0.075 0.13125
0 0.17578125 0.0171875 0.053125 0.034375
1 0.2796875 0.06328125 0.11953125 0.1265625
2 0.121875 0.4640625 0.10625 0.21796875
0 0.78046875 0.2625 0.0890625 0.146875
0 0.8703125 0.26640625 0.07578125 0.14453125
0 0.35234375 0.9125 0.10234375 0.14609375
0 0.35546875 0.97578125 0.1109375 0.0484375