0 0.17421875 0.071875 0.0859375 0.071875
0 0.10625 0.65703125 0.1859375 0.09375
2 0.453125 0.74375 0.2375 0.1984375
0 0.31171875 0.9 0.11875 0.0453125
2 0.92890625 0.75078125 0.140625 0.075
3 0.709375 0.45 0.3296875 0.15
2 0.678125 0.34296875 0.23125 0.1015625
1 0.89375 0.17265625 0.2125 0.0953125
2 0.971875 0.26171875 0.05625 0.0921875
2 0.490625 0.36171875 0.1296875 0.15
3 0.57890625 0.19921875 0.2453125 0.1328125
0 0.609375 0.2578125 0.065625 0.053125
3 0.728125 0.103125 0.178125 0.0609375
3 0.95078125 0.01328125 0.096875 0.01875