0 0.63203125 0.1046875 0.059375 0.0859375
1 0.82421875 0.45625 0.115625 0.290625
1 0.828125 0.91796875 0.128125 0.1640625
0 0.896875 0.97421875 0.03125 0.0515625
1 0.69921875 0.9375 0.134375 0.125
0 0.22421875 0.846875 0.06875 0.1375
1 0.09375 0.846875 0.1078125 0.16875
3 0.0609375 0.96328125 0.0453125 0.0734375
0 0.353125 0.80859375 0.0625 0.109375
1 0.275 0.63515625 0.1546875 0.278125
1 0.1921875 0.4859375 0.153125 0.209375
1 0.16953125 0.64140625 0.140625 0.26875
0 0.18125 0.30625 0.06875 0.1375
0 0.24140625 0.403125 0.078125 0.1375
2 0.61953125 0.490625 0.14375 0.35
0 0.71796875 0.5828125 0.0921875 0.16875
2 0.8609375 0.6328125 0.15 0.29375
0 0.8375 0.52890625 0.028125 0.04375
0 0.77734375 0.46640625 0.0625 0.153125
2 0.71015625 0.41484375 0.115625 0.203125
0 0.76015625 0.02734375 0.11875 0.0546875
0 0.28984375 0.23359375 0.053125 0.06875
3 0.2328125 0.26484375 0.075 0.14375
2 0.38046875 0.66640625 0.1375 0.184375
0 0.40703125 0.97578125 0.090625 0.046875
3 0.29296875 0.9375 0.121875 0.125