0 0.29609375 0.9109375 0.1125 0.071875
0 0.43359375 0.87578125 0.1546875 0.059375
1 0.18828125 0.75390625 0.309375 0.15
0 0.2375 0.67109375 0.15625 0.0703125
0 0.15 0.59609375 0.1515625 0.0890625
1 0.30078125 0.59140625 0.23125 0.1125
0 0.1125 0.328125 0.109375 0.0875
0 0.23359375 0.34296875 0.159375 0.065625
0 0.34765625 0.27421875 0.103125 0.075
3 0.26484375 0.425 0.4 0.11875
3 0.59140625 0.39296875 0.25625 0.115625
3 0.7546875 0.4015625 0.228125 0.15
0 0.6171875 0.5546875 0.1375 0.109375
1 0.82734375 0.47109375 0.26875 0.190625
3 0.721875 0.91953125 0.30625 0.06875
0 0.68984375 0.8765625 0.146875 0.053125
1 0.91328125 0.35078125 0.171875 0.1125
0 0.93125 0.2359375 0.078125 0.075