3 0.240625 0.7265625 0.2609375 0.1171875
1 0.19296875 0.4125 0.24375 0.159375
0 0.32421875 0.44140625 0.0890625 0.059375
0 0.2921875 0.39140625 0.096875 0.059375
0 0.2609375 0.5796875 0.15 0.0546875
0 0.05546875 0.03984375 0.109375 0.034375
0 0.72734375 0.259375 0.1234375 0.05
3 0.76484375 0.309375 0.3 0.1296875
0 0.89375 0.15859375 0.1109375 0.0375
0 0.94609375 0.2640625 0.1 0.0609375
0 0.73046875 0.52890625 0.15625 0.075
0 0.97109375 0.65625 0.0578125 0.0625
1 0.12890625 0.80234375 0.2578125 0.09375