0 0.13984375 0.3578125 0.06640625 0.12265625
2 0.1125 0.4984375 0.14140625 0.259375
0 0.38046875 0.0515625 0.08828125 0.10234375
0 0.3296875 0.084375 0.03984375 0.07578125
0 0.46328125 0.27734375 0.059375 0.1125
3 0.71328125 0.13828125 0.16484375 0.27578125
0 0.66640625 0.5078125 0.13515625 0.1296875
0 0.584375 0.25546875 0.1015625 0.1234375
3 0.51328125 0.70703125 0.14765625 0.22578125
0 0.87734375 0.61328125 0.06328125 0.15546875
1 0.6921875 0.68984375 0.109375 0.11328125
0 0.715625 0.83984375 0.07578125 0.16796875
2 0.82578125 0.85546875 0.1609375 0.17109375