2 0.46171875 0.46953125 0.1671875 0.3609375
2 0.22421875 0.31796875 0.2015625 0.39609375
1 0.8359375 0.58828125 0.165625 0.27734375
1 0.86328125 0.33515625 0.13515625 0.25078125
1 0.45625 0.91015625 0.18828125 0.17734375
3 0.634375 0.72734375 0.17734375 0.27578125
1 0.55390625 0.0609375 0.09140625 0.1171875
1 0.85 0.89609375 0.10703125 0.20390625
1 0.70546875 0.278125 0.14453125 0.3703125
2 0.08203125 0.24453125 0.08125 0.33203125
0 0.09296875 0.5234375 0.0546875 0.071875
1 0.1953125 0.8203125 0.14765625 0.321875
1 0.10546875 0.7875 0.08359375 0.24375
1 0.32890625 0.6140625 0.21171875 0.30078125
1 0.590625 0.3484375 0.18828125 0.440625
2 0.471875 0.14921875 0.109375 0.28203125
2 0.34921875 0.21796875 0.1015625 0.43515625