3 0.05 0.30859375 0.059375 0.2578125
0 0.3125 0.09375 0.07734375 0.15234375
0 0.37421875 0.63828125 0.09765625 0.14921875
1 0.64921875 0.9328125 0.13046875 0.134375
3 0.83203125 0.8484375 0.0984375 0.146875
3 0.5 0.884375 0.1453125 0.23046875
3 0.74765625 0.54609375 0.1078125 0.3
2 0.5890625 0.4421875 0.21796875 0.33359375
1 0.57734375 0.24140625 0.103125 0.19609375
0 0.65703125 0.2234375 0.06875 0.15859375
3 0.309375 0.26015625 0.20234375 0.21640625
3 0.7453125 0.296875 0.10859375 0.240625
0 0.5796875 0.07578125 0.0921875 0.15078125
1 0.4609375 0.06171875 0.17109375 0.12265625
3 0.371875 0.87421875 0.115625 0.2515625
0 0.14609375 0.04609375 0.0453125 0.0921875