2 0.20625 0.81015625 0.17109375 0.265625
0 0.55625 0.74921875 0.13828125 0.253125
0 0.0625 0.95234375 0.046875 0.0953125
0 0.71171875 0.13671875 0.08515625 0.1328125
0 0.2328125 0.115625 0.046875 0.1328125
0 0.2765625 0.10859375 0.03984375 0.15546875
0 0.32890625 0.16328125 0.07578125 0.1390625
0 0.41171875 0.365625 0.08125 0.1046875
1 0.25625 0.33671875 0.18125 0.27109375
1 0.3734375 0.08828125 0.16953125 0.1765625
1 0.56484375 0.0609375 0.20078125 0.121875
3 0.5625 0.153125 0.1625 0.0953125
1 0.44453125 0.5125 0.1984375 0.27265625
0 0.59765625 0.5671875 0.0890625 0.125
3 0.871875 0.6609375 0.05546875 0.11015625
3 0.5390625 0.90234375 0.15390625 0.19453125
1 0.82578125 0.93828125 0.1015625 0.1234375
3 0.01484375 0.95 0.0203125 0.1
3 0.7734375 0.31484375 0.115625 0.27109375