1 0.40234375 0.55078125 0.1703125 0.334375
1 0.29921875 0.14375 0.13515625 0.28671875
1 0.665625 0.15546875 0.1296875 0.31015625
0 0.2859375 0.453125 0.08359375 0.16171875
0 0.325 0.75859375 0.07109375 0.15234375
0 0.209375 0.52578125 0.0640625 0.1453125
0 0.396875 0.31796875 0.0484375 0.09296875
2 0.40234375 0.9484375 0.1390625 0.103125
0 0.57109375 0.90234375 0.0734375 0.15859375
2 0.25 0.9359375 0.11484375 0.1125
1 0.8671875 0.01796875 0.1171875 0.03359375
2 0.725 0.91640625 0.23046875 0.1671875
3 0.1671875 0.86875 0.08203125 0.26171875