1 0.27421875 0.84765625 0.16796875 0.2734375
1 0.6796875 0.78125 0.14296875 0.2578125
0 0.47421875 0.859375 0.0953125 0.1375
0 0.71953125 0.04296875 0.07109375 0.08515625
3 0.56640625 0.7 0.07265625 0.2671875
0 0.83046875 0.87890625 0.078125 0.1171875
3 0.9109375 0.41484375 0.09140625 0.259375
0 0.82890625 0.12109375 0.07421875 0.14453125
0 0.8265625 0.7078125 0.04296875 0.05390625
0 0.59140625 0.39140625 0.1671875 0.27578125
0 0.403125 0.2296875 0.0546875 0.146875
2 0.46875 0.553125 0.1734375 0.39453125