0 0.6859375 0.84921875 0.084375 0.1984375
0 0.7921875 0.76953125 0.0625 0.128125
0 0.521875 0.934375 0.059375 0.11875
0 0.3734375 0.87890625 0.0859375 0.1546875
0 0.45859375 0.68984375 0.0828125 0.1640625
0 0.45234375 0.57890625 0.065625 0.1125
0 0.4625 0.43046875 0.10625 0.1375
0 0.45078125 0.3484375 0.0921875 0.15625
0 0.69375 0.175 0.0796875 0.0953125
3 0.678125 0.06875 0.0703125 0.1375
0 0.26015625 0.37890625 0.0890625 0.128125
3 0.23046875 0.66328125 0.1046875 0.1453125
0 0.42890625 0.16015625 0.0625 0.159375
0 0.87265625 0.59140625 0.040625 0.09375
0 0.384375 0.29609375 0.0984375 0.19375
3 0.5265625 0.53046875 0.1 0.171875