2 0.14609375 0.728125 0.290625 0.228125
3 0.3203125 0.721875 0.19375 0.121875
0 0.7609375 0.78125 0.1046875 0.0703125
3 0.69140625 0.9078125 0.4203125 0.1734375
3 0.88828125 0.6734375 0.1875 0.1046875
1 0.69140625 0.5828125 0.328125 0.171875
0 0.76328125 0.503125 0.146875 0.078125
0 0.8140625 0.43671875 0.1546875 0.0765625
0 0.9078125 0.315625 0.103125 0.0734375
0 0.85625 0.1828125 0.15625 0.065625
3 0.521875 0.634375 0.20625 0.15625
3 0.5671875 0.421875 0.171875 0.0890625
0 0.41640625 0.3859375 0.159375 0.096875
1 0.346875 0.27734375 0.365625 0.1625
0 0.27421875 0.1484375 0.134375 0.06875
3 0.12421875 0.33046875 0.096875 0.140625
1 0.071875 0.4453125 0.14375 0.096875
3 0.04765625 0.98671875 0.0953125 0.0171875