0 0.57890625 0.27734375 0.10078125 0.17109375
3 0.5984375 0.56484375 0.1296875 0.16875
3 0.659375 0.21796875 0.165625 0.18984375
3 0.15625 0.7765625 0.11484375 0.23671875
3 0.52265625 0.0875 0.190625 0.17109375
3 0.40234375 0.42265625 0.1640625 0.146875
3 0.8703125 0.56640625 0.13828125 0.26796875
2 0.2140625 0.93984375 0.1484375 0.11796875
1 0.859375 0.28984375 0.121875 0.22578125
2 0.33828125 0.55546875 0.1078125 0.16171875
0 0.26171875 0.028125 0.0703125 0.05625
0 0.3796875 0.31171875 0.0890625 0.13515625
2 0.43984375 0.87109375 0.1109375 0.190625
3 0.64765625 0.07734375 0.175 0.15390625
3 0.29140625 0.78359375 0.16953125 0.1765625
3 0.42265625 0.61953125 0.13359375 0.26171875
3 0.20078125 0.06484375 0.1359375 0.1296875
3 0.87421875 0.81875 0.134375 0.2265625
3 0.7453125 0.84921875 0.07890625 0.24453125
3 0.11484375 0.94453125 0.1046875 0.1109375