1 0.196875 0.20390625 0.1265625 0.27734375
0 0.9078125 0.50546875 0.06640625 0.1578125
3 0.7734375 0.2625 0.11171875 0.2078125
3 0.23515625 0.425 0.1140625 0.29453125
3 0.7875 0.76796875 0.0796875 0.196875
1 0.86640625 0.265625 0.09453125 0.2984375
3 0.49296875 0.934375 0.2359375 0.13125
0 0.8296875 0.6296875 0.08359375 0.13984375
0 0.171875 0.9484375 0.06875 0.103125
2 0.56640625 0.34765625 0.20859375 0.20625
0 0.41953125 0.25859375 0.05859375 0.11875
2 0.3984375 0.68671875 0.16171875 0.26953125
2 0.73203125 0.8859375 0.1453125 0.22734375