0 0.9453125 0.503125 0.06171875 0.14296875
0 0.5359375 0.67734375 0.07578125 0.1328125
1 0.5421875 0.18671875 0.12734375 0.3109375
1 0.3265625 0.35078125 0.1453125 0.16796875
1 0.1515625 0.6234375 0.1015625 0.24453125
0 0.0921875 0.5328125 0.04453125 0.13046875
0 0.44453125 0.446875 0.0921875 0.15859375
0 0.5046875 0.35 0.109375 0.1640625
3 0.31953125 0.47265625 0.184375 0.17109375
2 0.39453125 0.7546875 0.109375 0.178125
0 0.0890625 0.8109375 0.03515625 0.06484375
0 0.10546875 0.83125 0.03046875 0.071875
3 0.80390625 0.57109375 0.10625 0.1265625