1 0.14765625 0.253125 0.16328125 0.34921875
1 0.31640625 0.6 0.2015625 0.265625
1 0.7421875 0.8265625 0.18671875 0.2578125
0 0.365625 0.303125 0.0625 0.13671875
0 0.23671875 0.2640625 0.05625 0.1375
0 0.83515625 0.19296875 0.06171875 0.11953125
0 0.88046875 0.36796875 0.04375 0.1578125
0 0.70703125 0.6875 0.06015625 0.09140625
3 0.584375 0.6 0.06875 0.28359375
3 0.66171875 0.46875 0.13671875 0.34609375
3 0.15546875 0.76796875 0.1640625 0.20859375
2 0.475 0.26484375 0.1359375 0.28203125
3 0.80546875 0.3515625 0.071875 0.14140625
0 0.07109375 0.9484375 0.0765625 0.103125