0 0.0171875 0.41953125 0.034375 0.13984375
0 0.02421875 0.23046875 0.0484375 0.2390625
3 0.0421875 0.06171875 0.0484375 0.1234375
0 0.91875 0.0484375 0.040625 0.096875
0 0.85859375 0.4875 0.0640625 0.15546875
0 0.72890625 0.80546875 0.08671875 0.13125
1 0.7109375 0.89609375 0.19296875 0.2078125
0 0.74140625 0.97890625 0.05234375 0.0421875
0 0.07265625 0.6078125 0.04453125 0.11796875
0 0.6765625 0.334375 0.075 0.115625
3 0.53125 0.0359375 0.16796875 0.071875
3 0.246875 0.27734375 0.14375 0.1140625