1 0.85234375 0.24296875 0.146875 0.2328125
1 0.07578125 0.09453125 0.10625 0.184375
0 0.4796875 0.51328125 0.08671875 0.15625
0 0.428125 0.65625 0.08828125 0.140625
1 0.42421875 0.08671875 0.18203125 0.171875
0 0.89609375 0.390625 0.0515625 0.0984375
1 0.16953125 0.05546875 0.1234375 0.1109375
0 0.16328125 0.259375 0.0703125 0.09453125
3 0.57109375 0.60234375 0.2015625 0.18359375
2 0.5390625 0.1484375 0.12734375 0.25546875
3 0.675 0.1953125 0.1484375 0.1890625
0 0.11875 0.6 0.08984375 0.11328125