3 0.425 0.19140625 0.11328125 0.13125
3 0.6234375 0.621875 0.08984375 0.378125
3 0.05390625 0.54375 0.1078125 0.1875
2 0.73828125 0.22734375 0.12890625 0.2921875
1 0.584375 0.42109375 0.1703125 0.22421875
0 0.34609375 0.83125 0.06328125 0.1046875
0 0.5453125 0.75390625 0.0640625 0.16875
2 0.15078125 0.81484375 0.1328125 0.27578125
0 0.1515625 0.62734375 0.06640625 0.1328125
0 0.67578125 0.16484375 0.0796875 0.14296875
0 0.48125 0.92578125 0.0796875 0.1375
3 0.3484375 0.040625 0.125 0.08046875
3 0.31171875 0.32109375 0.16875 0.2375
3 0.56015625 0.12578125 0.1453125 0.2515625
3 0.6921875 0.71953125 0.140625 0.28125