1 0.371875 0.80390625 0.17890625 0.2984375
3 0.23984375 0.3625 0.1046875 0.26484375
1 0.87421875 0.2859375 0.15234375 0.2109375
1 0.4921875 0.05625 0.19765625 0.1125
0 0.42421875 0.6796875 0.084375 0.134375
1 0.36328125 0.38984375 0.1546875 0.28828125
1 0.22734375 0.03515625 0.10078125 0.06953125
1 0.76484375 0.06953125 0.146875 0.12109375
3 0.45078125 0.15625 0.128125 0.11015625
2 0.0765625 0.5890625 0.11015625 0.23515625
1 0.18359375 0.21328125 0.13671875 0.27578125
0 0.44921875 0.35546875 0.0390625 0.11953125
0 0.13046875 0.8890625 0.0609375 0.12109375
3 0.284375 0.88125 0.0921875 0.1921875
0 0.65390625 0.1 0.075 0.165625