2 0.2796875 0.87890625 0.175 0.21875
3 0.43828125 0.28984375 0.1421875 0.20546875
1 0.57265625 0.92578125 0.1578125 0.14765625
1 0.7671875 0.76796875 0.11953125 0.31953125
0 0.3203125 0.70703125 0.08046875 0.16328125
3 0.3796875 0.15859375 0.12265625 0.1171875
3 0.203125 0.6984375 0.15546875 0.19140625
0 0.57421875 0.77265625 0.0828125 0.153125
0 0.6109375 0.61171875 0.078125 0.13515625
0 0.07578125 0.35703125 0.0484375 0.1265625
0 0.8140625 0.9015625 0.05 0.121875
3 0.78125 0.38515625 0.1171875 0.0828125
0 0.27421875 0.0859375 0.05078125 0.16328125
0 0.29140625 0.59296875 0.0765625 0.146875
3 0.38359375 0.78359375 0.05078125 0.2890625
0 0.81796875 0.54609375 0.13046875 0.25234375
3 0.978125 0.78203125 0.04296875 0.221875
3 0.48828125 0.609375 0.1359375 0.34296875
3 0.2078125 0.16484375 0.07578125 0.18984375
3 0.546875 0.11171875 0.1515625 0.2140625