1 0.80078125 0.32421875 0.16875 0.196875
0 0.8234375 0.61953125 0.1625 0.30625
3 0.58671875 0.61015625 0.2140625 0.1734375
1 0.69140625 0.840625 0.1390625 0.259375
2 0.7515625 0.9234375 0.153125 0.153125
1 0.8765625 0.94765625 0.084375 0.1046875
2 0.11640625 0.86484375 0.1375 0.2703125
0 0.259375 0.6015625 0.08125 0.15625
0 0.146875 0.46015625 0.05625 0.146875
2 0.35234375 0.22578125 0.1875 0.1734375
2 0.2390625 0.1828125 0.159375 0.18125
0 0.509375 0.30625 0.0875 0.1640625
1 0.4671875 0.0859375 0.16875 0.171875
3 0.94453125 0.82578125 0.0671875 0.0953125
1 0.23046875 0.890625 0.090625 0.21875