2 0.84765625 0.7578125 0.16953125 0.3109375
1 0.653125 0.1078125 0.2015625 0.215625
1 0.27109375 0.6015625 0.134375 0.25078125
0 0.6890625 0.40703125 0.07890625 0.09921875
0 0.41640625 0.3734375 0.1171875 0.19375
0 0.346875 0.36640625 0.0515625 0.11953125
3 0.49453125 0.2734375 0.0703125 0.3484375
3 0.3546875 0.7953125 0.1640625 0.1765625
3 0.81796875 0.46875 0.11171875 0.25859375
3 0.6453125 0.7546875 0.184375 0.34375
0 0.89765625 0.09921875 0.05625 0.134375
3 0.86796875 0.021875 0.1109375 0.04375