0 0.2078125 0.890625 0.11875 0.046875
1 0.69609375 0.93046875 0.234375 0.1078125
0 0.8890625 0.0765625 0.0671875 0.0421875
2 0.89375 0.2484375 0.2125 0.1734375
3 0.796875 0.3171875 0.1890625 0.11875
0 0.78046875 0.2640625 0.1 0.0546875
2 0.60390625 0.34453125 0.309375 0.15
1 0.5671875 0.503125 0.2375 0.19375
1 0.5796875 0.63984375 0.25625 0.115625
1 0.21171875 0.628125 0.28125 0.1734375
0 0.35390625 0.3515625 0.125 0.09375
3 0.18671875 0.190625 0.184375 0.103125
0 0.02734375 0.1703125 0.0546875 0.04375
1 0.13359375 0.52421875 0.146875 0.1578125
0 0.19375 0.490625 0.046875 0.065625
0 0.98359375 0.5390625 0.0328125 0.04375
2 0.41171875 0.2515625 0.3109375 0.09375