1 0.728125 0.5765625 0.1609375 0.28203125
1 0.83515625 0.76875 0.1609375 0.2671875
3 0.7921875 0.67421875 0.13671875 0.2375
1 0.4671875 0.653125 0.1734375 0.31328125
1 0.38203125 0.75390625 0.1578125 0.2671875
1 0.31484375 0.578125 0.15078125 0.31015625
1 0.275 0.11953125 0.140625 0.2390625
0 0.1046875 0.1390625 0.06640625 0.115625
0 0.13046875 0.05390625 0.0484375 0.1078125
0 0.16640625 0.95703125 0.0359375 0.0859375
0 0.334375 0.26484375 0.059375 0.1578125
3 0.196875 0.31171875 0.16015625 0.3125
0 0.65078125 0.2 0.0515625 0.1109375
3 0.8171875 0.109375 0.090625 0.21875
3 0.98515625 0.9515625 0.0203125 0.096875