1 0.54765625 0.7140625 0.1921875 0.2953125
1 0.88125 0.49921875 0.13046875 0.27109375
1 0.56953125 0.26953125 0.2296875 0.240625
2 0.67265625 0.875 0.12890625 0.24375
1 0.7046875 0.69140625 0.1203125 0.26953125
2 0.26171875 0.159375 0.16875 0.234375
1 0.73671875 0.50390625 0.1703125 0.271875
0 0.4828125 0.14296875 0.13203125 0.26484375
0 0.23515625 0.01875 0.05234375 0.0375
0 0.365625 0.23359375 0.065625 0.16484375
0 0.95546875 0.3828125 0.05 0.1390625
0 0.796875 0.69609375 0.08125 0.1359375
0 0.03515625 0.909375 0.03203125 0.09765625