1 0.6625 0.528125 0.2984375 0.2125
3 0.54296875 0.60546875 0.140625 0.215625
1 0.24140625 0.59921875 0.184375 0.2375
3 0.06328125 0.63125 0.1265625 0.16875
3 0.47578125 0.17421875 0.321875 0.115625
0 0.4703125 0.26015625 0.184375 0.09375
0 0.59765625 0.36640625 0.2015625 0.109375
0 0.52265625 0.9046875 0.165625 0.0734375
2 0.7703125 0.8625 0.19375 0.1375
1 0.903125 0.23984375 0.19375 0.165625
0 0.93828125 0.7171875 0.1046875 0.0671875
3 0.390625 0.4421875 0.1765625 0.2140625
0 0.2546875 0.1828125 0.115625 0.0734375