0 0.65546875 0.95 0.06484375 0.09921875
0 0.42265625 0.64921875 0.10078125 0.13984375
2 0.92265625 0.6671875 0.08984375 0.33203125
0 0.140625 0.9015625 0.0421875 0.08515625
0 0.9578125 0.03125 0.03046875 0.0625
0 0.91796875 0.0296875 0.0515625 0.059375
1 0.596875 0.15078125 0.18203125 0.29609375
1 0.46796875 0.09765625 0.1546875 0.19453125
0 0.3640625 0.0453125 0.06875 0.08984375
0 0.309375 0.365625 0.0859375 0.115625
0 0.5046875 0.55859375 0.08984375 0.0609375
0 0.309375 0.63359375 0.07890625 0.14453125
0 0.2703125 0.70703125 0.07890625 0.090625
0 0.77109375 0.58984375 0.0578125 0.153125