1 0.34609375 0.85625 0.17109375 0.2203125
3 0.71953125 0.40078125 0.14140625 0.17421875
3 0.8765625 0.64296875 0.12421875 0.2921875
0 0.15703125 0.90703125 0.053125 0.09296875
0 0.15703125 0.41328125 0.0703125 0.1234375
0 0.6546875 0.90078125 0.08359375 0.13046875
1 0.65703125 0.6984375 0.11328125 0.34375
0 0.76015625 0.5625 0.0625 0.13125
0 0.75859375 0.08125 0.07109375 0.134375
1 0.5140625 0.13046875 0.12890625 0.2609375
2 0.71484375 0.190625 0.121875 0.24609375
3 0.91171875 0.92265625 0.0765625 0.1546875
3 0.846875 0.0640625 0.1484375 0.128125
0 0.89296875 0.171875 0.06640625 0.1046875