0 0.34453125 0.05 0.06484375 0.09921875
0 0.57734375 0.35078125 0.10078125 0.13984375
2 0.07734375 0.3328125 0.08984375 0.33203125
0 0.8703125 0.1078125 0.0421875 0.08515625
0 0.0421875 0.96875 0.03046875 0.0625
0 0.08203125 0.9703125 0.0515625 0.059375
1 0.403125 0.84921875 0.18203125 0.29609375
1 0.53203125 0.90234375 0.1546875 0.19453125
0 0.6359375 0.9546875 0.06875 0.08984375
0 0.690625 0.634375 0.0859375 0.115625
0 0.4953125 0.44140625 0.08984375 0.0609375
0 0.690625 0.36640625 0.07890625 0.14453125
0 0.72734375 0.2640625 0.078125 0.1234375
0 0.66640625 0.16640625 0.05234375 0.12265625
3 0.60625 0.16953125 0.10625 0.24296875
0 0.22890625 0.41171875 0.0578125 0.15625