3 0.01484375 0.9515625 0.0203125 0.096875
2 0.08203125 0.6234375 0.046875 0.2140625
0 0.171875 0.83203125 0.065625 0.140625
0 0.29453125 0.72421875 0.0703125 0.165625
0 0.8296875 0.90546875 0.0625 0.0984375
2 0.77890625 0.9453125 0.115625 0.109375
0 0.2625 0.09765625 0.09375 0.1375
3 0.475 0.0953125 0.18125 0.190625
0 0.5828125 0.1296875 0.0515625 0.134375
1 0.6265625 0.27109375 0.10625 0.35625
0 0.7640625 0.1796875 0.078125 0.1234375
2 0.83828125 0.02890625 0.16875 0.0578125
2 0.7703125 0.53125 0.184375 0.215625
2 0.77734375 0.64921875 0.140625 0.0796875
1 0.51796875 0.78671875 0.165625 0.134375