1 0.4875 0.0953125 0.175 0.190625
0 0.30625 0.1234375 0.0609375 0.13515625
0 0.61328125 0.0640625 0.06796875 0.128125
1 0.54296875 0.26640625 0.12109375 0.18359375
3 0.55859375 0.8265625 0.11015625 0.09375
0 0.07421875 0.40390625 0.07421875 0.0875
0 0.75078125 0.23515625 0.17265625 0.17421875
2 0.70625 0.8640625 0.209375 0.27109375
1 0.1046875 0.7234375 0.121875 0.153125
0 0.07421875 0.2875 0.04765625 0.128125
0 0.084375 0.128125 0.078125 0.128125
3 0.1671875 0.21328125 0.1296875 0.19765625
3 0.8296875 0.45625 0.10078125 0.24140625
0 0.6828125 0.47734375 0.09453125 0.115625