1 0.79140625 0.40546875 0.16796875 0.22265625
1 0.68359375 0.1015625 0.13828125 0.20078125
3 0.63203125 0.87578125 0.10546875 0.2484375
2 0.753125 0.93828125 0.12578125 0.121875
3 0.54609375 0.92109375 0.10625 0.15546875
0 0.08671875 0.65 0.1140625 0.20625
0 0.26171875 0.4390625 0.10859375 0.23203125
0 0.8359375 0.13828125 0.059375 0.1046875
0 0.8546875 0.23046875 0.07421875 0.13828125
0 0.9421875 0.43515625 0.04296875 0.15234375
2 0.6171875 0.62265625 0.0984375 0.29140625
2 0.52734375 0.2578125 0.1796875 0.2359375
3 0.159375 0.50859375 0.084375 0.24921875