1 0.65078125 0.58203125 0.1765625 0.26484375
1 0.11328125 0.65625 0.17109375 0.265625
1 0.22734375 0.115625 0.11953125 0.22890625
0 0.2328125 0.53046875 0.06796875 0.15703125
0 0.3046875 0.16328125 0.09453125 0.1765625
0 0.18828125 0.86484375 0.0671875 0.16875
0 0.61875 0.25625 0.09296875 0.14296875
0 0.15703125 0.55078125 0.053125 0.13671875
0 0.3765625 0.6765625 0.1015625 0.17109375
1 0.51640625 0.384375 0.165625 0.2234375
0 0.83125 0.29453125 0.07421875 0.1453125
0 0.67890625 0.7265625 0.053125 0.0640625
0 0.21875 0.671875 0.08359375 0.140625
0 0.4671875 0.66640625 0.0828125 0.13359375
0 0.93359375 0.15546875 0.075 0.14921875