0 0.496875 0.0546875 0.14375 0.0625
0 0.32265625 0.4640625 0.1328125 0.075
1 0.81328125 0.4578125 0.3109375 0.128125
1 0.64921875 0.6734375 0.16875 0.1453125
1 0.3765625 0.8484375 0.24375 0.1015625
0 0.4671875 0.9078125 0.13125 0.04375
0 0.553125 0.55546875 0.159375 0.0921875
0 0.65 0.4953125 0.1640625 0.109375
3 0.52734375 0.68046875 0.171875 0.184375
2 0.2453125 0.60546875 0.178125 0.109375
0 0.1890625 0.9109375 0.065625 0.034375
0 0.16875 0.89453125 0.071875 0.03125
3 0.42890625 0.19609375 0.1265625 0.10625