1 0.70390625 0.73359375 0.321875 0.178125
0 0.4875 0.915625 0.190625 0.0890625
0 0.1890625 0.7625 0.1546875 0.0671875
0 0.05859375 0.67734375 0.1171875 0.06875
1 0.15234375 0.4671875 0.2 0.16875
0 0.0515625 0.52734375 0.103125 0.096875
2 0.2375 0.3546875 0.2765625 0.153125
1 0.04609375 0.36875 0.0921875 0.09375
3 0.303125 0.2015625 0.103125 0.10625
2 0.73203125 0.20703125 0.23125 0.14375
2 0.890625 0.2875 0.21875 0.1515625
2 0.55390625 0.390625 0.203125 0.196875
0 0.97890625 0.89296875 0.040625 0.05
3 0.93828125 0.95859375 0.1234375 0.0515625