0 0.35390625 0.6703125 0.11875 0.0875
2 0.11015625 0.7109375 0.21875 0.175
1 0.3453125 0.840625 0.21875 0.0921875
1 0.18203125 0.84609375 0.153125 0.1125
2 0.0484375 0.4515625 0.096875 0.103125
2 0.115625 0.61171875 0.1453125 0.096875
2 0.80859375 0.2140625 0.1703125 0.1328125
3 0.746875 0.63359375 0.253125 0.1625
3 0.84765625 0.48515625 0.2 0.140625
1 0.92578125 0.5859375 0.146875 0.0875
0 0.87578125 0.95 0.1125 0.046875
0 0.50078125 0.946875 0.121875 0.059375
0 0.9734375 0.9328125 0.053125 0.0390625