0 0.71171875 0.1171875 0.0953125 0.12265625
1 0.62734375 0.22265625 0.15859375 0.31640625
2 0.50703125 0.2484375 0.10859375 0.32734375
3 0.39609375 0.16015625 0.12421875 0.1546875
1 0.30390625 0.32109375 0.12109375 0.259375
1 0.0921875 0.32265625 0.13828125 0.24453125
0 0.20859375 0.48671875 0.0828125 0.1125
0 0.16328125 0.721875 0.06171875 0.09453125
0 0.22109375 0.80078125 0.04609375 0.09765625
1 0.30390625 0.8078125 0.10078125 0.25078125
1 0.41484375 0.63515625 0.209375 0.328125
0 0.828125 0.946875 0.0671875 0.10078125
3 0.29296875 0.16015625 0.05859375 0.2
3 0.73671875 0.30703125 0.1140625 0.23515625