1 0.80390625 0.77421875 0.13515625 0.246875
1 0.3953125 0.91796875 0.19140625 0.1640625
0 0.86171875 0.3984375 0.07421875 0.1515625
1 0.5046875 0.5875 0.134375 0.25078125
1 0.28203125 0.96171875 0.13984375 0.07578125
1 0.5140625 0.0703125 0.215625 0.140625
0 0.81796875 0.9578125 0.04765625 0.0828125
1 0.11640625 0.94453125 0.0859375 0.1109375
0 0.09296875 0.4984375 0.04453125 0.11640625
3 0.734375 0.27890625 0.1421875 0.29765625
0 0.815625 0.77734375 0.09609375 0.13125
0 0.7765625 0.24140625 0.0859375 0.2015625
2 0.59921875 0.40703125 0.20625 0.3359375
0 0.16328125 0.52734375 0.13046875 0.28828125
0 0.37578125 0.1671875 0.165625 0.240625