0 0.22578125 0.64375 0.0875 0.14375
0 0.21953125 0.15546875 0.08828125 0.16875
3 0.58984375 0.6578125 0.07890625 0.096875
3 0.47578125 0.69765625 0.209375 0.2703125
3 0.41328125 0.94296875 0.1265625 0.1140625
3 0.65234375 0.640625 0.06796875 0.240625
0 0.65390625 0.78515625 0.08828125 0.1421875
3 0.309375 0.28046875 0.14375 0.2390625
3 0.5828125 0.41953125 0.09375 0.22109375
0 0.62578125 0.29140625 0.05234375 0.07578125
3 0.07890625 0.75 0.03828125 0.08203125
1 0.31953125 0.02734375 0.0828125 0.0546875
1 0.428125 0.06015625 0.11171875 0.1203125
3 0.13359375 0.06796875 0.10625 0.1359375
3 0.36796875 0.66484375 0.06171875 0.29765625