1 0.45546875 0.81796875 0.12890625 0.24609375
3 0.58046875 0.5328125 0.18359375 0.221875
1 0.37421875 0.6484375 0.12578125 0.31328125
0 0.8046875 0.34453125 0.05546875 0.11328125
0 0.4859375 0.17265625 0.0671875 0.14609375
3 0.16875 0.94453125 0.103125 0.1109375
0 0.4375 0.15859375 0.08125 0.184375
0 0.93046875 0.08359375 0.05 0.1125
3 0.85625 0.50234375 0.06640625 0.2578125
0 0.2765625 0.103125 0.06171875 0.1765625
0 0.2734375 0.63984375 0.05703125 0.178125
3 0.184375 0.6796875 0.0484375 0.1859375
0 0.50703125 0.2984375 0.090625 0.14921875