1 0.646875 0.871875 0.1765625 0.2390625
3 0.29609375 0.32734375 0.20390625 0.23125
3 0.28125 0.63671875 0.13046875 0.171875
3 0.56171875 0.95 0.09140625 0.09921875
0 0.3578125 0.05703125 0.14140625 0.11015625
0 0.2203125 0.0578125 0.06015625 0.115625
0 0.76015625 0.2515625 0.08515625 0.1390625
3 0.46328125 0.93828125 0.1453125 0.1234375
0 0.8578125 0.88125 0.15546875 0.228125
2 0.7625 0.7125 0.1578125 0.190625
0 0.6734375 0.2625 0.0640625 0.16640625
1 0.51484375 0.54453125 0.09453125 0.26171875
0 0.09609375 0.36171875 0.05078125 0.1140625
3 0.1546875 0.22890625 0.07578125 0.1640625
2 0.08046875 0.240625 0.096875 0.18671875