0 0.44921875 0.27421875 0.1484375 0.25625
0 0.14140625 0.1578125 0.0671875 0.125
1 0.45546875 0.10078125 0.178125 0.2
2 0.43203125 0.615625 0.090625 0.228125
0 0.60546875 0.56171875 0.0796875 0.13125
0 0.56484375 0.80546875 0.075 0.1
0 0.56640625 0.409375 0.075 0.13125
0 0.82421875 0.9828125 0.053125 0.034375
1 0.7203125 0.93671875 0.11875 0.1265625
2 0.878125 0.5359375 0.10625 0.21875
0 0.21953125 0.7375 0.0890625 0.146875
0 0.1296875 0.73359375 0.0765625 0.14375
0 0.64765625 0.0875 0.103125 0.146875
0 0.64453125 0.02421875 0.1109375 0.0484375