2 0.4671875 0.1421875 0.10625 0.284375
1 0.26953125 0.86796875 0.13203125 0.26328125
0 0.65859375 0.40625 0.0859375 0.1640625
0 0.64765625 0.09765625 0.09921875 0.1625
0 0.54296875 0.0546875 0.0984375 0.10390625
3 0.3375 0.2171875 0.134375 0.24296875
1 0.31484375 0.075 0.16875 0.14921875
0 0.5390625 0.36171875 0.08203125 0.1671875
3 0.746875 0.87578125 0.10390625 0.1296875
3 0.0875 0.7078125 0.125 0.1234375
0 0.115625 0.8046875 0.06328125 0.1046875
2 0.478125 0.50078125 0.1125 0.30234375
2 0.62265625 0.24921875 0.13125 0.2328125