0 0.27265625 0.82109375 0.0875 0.11875
3 0.084375 0.50390625 0.0578125 0.246875
0 0.578125 0.9 0.084375 0.10625
0 0.73671875 0.83515625 0.0453125 0.15
0 0.890625 0.746875 0.0625 0.1203125
3 0.9296875 0.9484375 0.071875 0.103125
3 0.64609375 0.78046875 0.1390625 0.3125
3 0.1828125 0.89765625 0.075 0.1984375
0 0.4875 0.2515625 0.084375 0.125
0 0.57421875 0.26953125 0.084375 0.0625
2 0.378125 0.33046875 0.15625 0.128125
1 0.1890625 0.0765625 0.1671875 0.153125
0 0.5609375 0.36328125 0.078125 0.128125
3 0.78671875 0.28046875 0.053125 0.08125
2 0.49140625 0.1 0.1046875 0.2