1 0.7171875 0.18125 0.1828125 0.2703125
3 0.84140625 0.1390625 0.121875 0.165625
1 0.8359375 0.4796875 0.171875 0.2625
0 0.8359375 0.63671875 0.0484375 0.0921875
3 0.76953125 0.640625 0.08125 0.08125
2 0.821875 0.85703125 0.1125 0.2484375
1 0.54375 0.7796875 0.20625 0.2078125
1 0.52421875 0.52890625 0.2203125 0.3625
0 0.3171875 0.8015625 0.06875 0.1453125
0 0.40390625 0.378125 0.06875 0.184375
0 0.04296875 0.95390625 0.040625 0.090625
1 0.10703125 0.07734375 0.1078125 0.1546875
2 0.3703125 0.09140625 0.171875 0.1828125