3 0.9265625 0.8046875 0.13359375 0.2484375
0 0.35625 0.92578125 0.0578125 0.1484375
0 0.2375 0.9203125 0.0921875 0.11953125
3 0.08671875 0.70234375 0.11796875 0.096875
3 0.14765625 0.5375 0.0984375 0.28203125
0 0.36640625 0.33671875 0.13125 0.265625
0 0.5171875 0.14296875 0.0765625 0.1140625
2 0.61484375 0.796875 0.10390625 0.1875
0 0.740625 0.515625 0.08828125 0.1375
2 0.62421875 0.12421875 0.1140625 0.24296875
3 0.10546875 0.9078125 0.11640625 0.18359375
3 0.8171875 0.1140625 0.1375 0.228125
3 0.73671875 0.07890625 0.0953125 0.1578125
3 0.96796875 0.93359375 0.0515625 0.1328125