3 0.98515625 0.9515625 0.01875 0.096875
2 0.91796875 0.6234375 0.046875 0.2140625
0 0.828125 0.83203125 0.065625 0.140625
0 0.70546875 0.72421875 0.0703125 0.165625
0 0.1703125 0.90546875 0.0625 0.0984375
2 0.22109375 0.9453125 0.115625 0.109375
0 0.7375 0.09765625 0.09375 0.1375
3 0.525 0.0953125 0.18125 0.190625
0 0.4171875 0.1296875 0.05 0.134375
1 0.3734375 0.27109375 0.10625 0.35625
0 0.2359375 0.1796875 0.078125 0.1234375
2 0.16171875 0.02890625 0.16875 0.0578125
2 0.2296875 0.53125 0.184375 0.215625
2 0.22265625 0.64921875 0.140625 0.0796875
1 0.48203125 0.78671875 0.165625 0.134375