1 0.521875 0.1765625 0.1640625 0.353125
1 0.41796875 0.459375 0.15078125 0.303125
1 0.1515625 0.234375 0.1390625 0.253125
3 0.92578125 0.33515625 0.109375 0.26953125
3 0.78203125 0.5609375 0.14453125 0.28046875
3 0.39609375 0.87734375 0.05859375 0.2453125
0 0.2234375 0.89609375 0.09765625 0.146875
0 0.7609375 0.82265625 0.0640625 0.1265625
3 0.4953125 0.91640625 0.05 0.1671875
3 0.56875 0.8640625 0.1015625 0.2671875
0 0.48515625 0.77109375 0.1046875 0.1703125
0 0.046875 0.0578125 0.0546875 0.115625