1 0.66328125 0.8703125 0.165625 0.246875
3 0.50703125 0.63046875 0.13828125 0.13671875
1 0.21015625 0.36953125 0.11953125 0.2984375
3 0.69140625 0.6890625 0.1625 0.2828125
3 0.41953125 0.6828125 0.15859375 0.13203125
1 0.3359375 0.85078125 0.175 0.28984375
1 0.44921875 0.0328125 0.178125 0.065625
3 0.8421875 0.35546875 0.05078125 0.27734375
2 0.73828125 0.24140625 0.07265625 0.27578125
2 0.6984375 0.471875 0.19140625 0.19453125
0 0.12890625 0.0953125 0.0703125 0.11796875
3 0.04296875 0.04609375 0.0421875 0.09140625
0 0.4453125 0.528125 0.0703125 0.12890625