1 0.79765625 0.4375 0.12890625 0.3140625
2 0.3203125 0.171875 0.23046875 0.3421875
1 0.83046875 0.92109375 0.13671875 0.1546875
1 0.63359375 0.1296875 0.1296875 0.2484375
1 0.07421875 0.92734375 0.09453125 0.14453125
3 0.85703125 0.0953125 0.17421875 0.14375
1 0.5890625 0.4265625 0.1625 0.21171875
3 0.18671875 0.77734375 0.11953125 0.27578125
1 0.55234375 0.96015625 0.1703125 0.078125
1 0.27265625 0.68359375 0.1515625 0.2125
1 0.65546875 0.63984375 0.175 0.37734375
2 0.50234375 0.67578125 0.09609375 0.18671875