0 0.8828125 0.71171875 0.121875 0.0953125
1 0.77734375 0.62734375 0.315625 0.159375
2 0.7515625 0.50703125 0.328125 0.109375
3 0.83984375 0.39609375 0.1546875 0.125
1 0.67890625 0.30390625 0.259375 0.121875
1 0.67734375 0.0921875 0.24375 0.1375
0 0.51328125 0.20859375 0.1125 0.0828125
0 0.278125 0.16328125 0.09375 0.0625
0 0.19921875 0.22109375 0.096875 0.046875
1 0.1921875 0.30390625 0.25 0.1
1 0.36484375 0.41484375 0.328125 0.209375
0 0.053125 0.828125 0.1 0.0671875
3 0.83984375 0.29296875 0.2 0.059375