3 0.12890625 0.940625 0.178125 0.053125
1 0.80859375 0.8828125 0.265625 0.1046875
1 0.9015625 0.5921875 0.196875 0.121875
0 0.82578125 0.5546875 0.146875 0.090625
0 0.59765625 0.3859375 0.1171875 0.0734375
0 0.9421875 0.29921875 0.115625 0.0875
1 0.6296875 0.11796875 0.2640625 0.128125
0 0.4484375 0.15859375 0.2 0.103125
0 0.50390625 0.33046875 0.0671875 0.040625
1 0.28828125 0.11171875 0.29375 0.11875
3 0.1828125 0.46015625 0.1734375 0.11875
1 0.08359375 0.4515625 0.1671875 0.1796875
1 0.7328125 0.22421875 0.15625 0.0625
1 0.49375 0.60703125 0.1671875 0.0546875