1 0.73984375 0.34453125 0.21015625 0.2296875
3 0.265625 0.11796875 0.18125 0.22265625
1 0.3140625 0.49921875 0.1671875 0.23671875
0 0.41953125 0.20625 0.075 0.07890625
0 0.603125 0.91171875 0.0921875 0.16484375
0 0.21484375 0.84453125 0.06484375 0.12265625
3 0.7109375 0.1859375 0.1796875 0.15859375
0 0.109375 0.415625 0.071875 0.19375
0 0.6359375 0.38515625 0.06640625 0.1375
3 0.96875 0.5484375 0.0625 0.16875
3 0.4375 0.38359375 0.08515625 0.1609375
0 0.725 0.46796875 0.0578125 0.09765625
2 0.140625 0.70703125 0.1234375 0.253125