1 0.69453125 0.67109375 0.2203125 0.17109375
3 0.553125 0.7890625 0.16328125 0.28359375
1 0.0921875 0.28046875 0.12109375 0.25546875
2 0.1734375 0.6515625 0.1125 0.32421875
3 0.4734375 0.521875 0.1703125 0.25859375
3 0.71171875 0.5015625 0.12109375 0.134375
0 0.19921875 0.4203125 0.0890625 0.19765625
0 0.1109375 0.60625 0.040625 0.13515625
2 0.47109375 0.90546875 0.09375 0.1875
3 0.9609375 0.96875 0.04453125 0.0625
2 0.70546875 0.92890625 0.18046875 0.1421875
0 0.6671875 0.27421875 0.10234375 0.115625
0 0.7734375 0.3765625 0.0828125 0.159375
0 0.68046875 0.14140625 0.05390625 0.16640625
3 0.58125 0.05390625 0.075 0.1078125
3 0.61484375 0.496875 0.06796875 0.2390625
3 0.109375 0.7921875 0.090625 0.2515625