0 0.34296875 0.24296875 0.11015625 0.15625
1 0.51796875 0.48203125 0.11015625 0.23203125
1 0.48515625 0.7234375 0.1703125 0.28828125
0 0.709375 0.03359375 0.121875 0.0671875
2 0.21171875 0.66015625 0.08671875 0.1578125
1 0.28359375 0.88046875 0.2234375 0.2390625
1 0.77109375 0.78203125 0.134375 0.2859375
1 0.76171875 0.93984375 0.10625 0.1203125
0 0.61171875 0.92109375 0.09375 0.1578125
3 0.58984375 0.57109375 0.08046875 0.34140625
0 0.2171875 0.54296875 0.0453125 0.10234375
1 0.9078125 0.64375 0.046875 0.19296875