1 0.28359375 0.68515625 0.334375 0.159375
1 0.60390625 0.63671875 0.225 0.203125
1 0.81953125 0.4234375 0.2171875 0.2375
0 0.2203125 0.4328125 0.1390625 0.08125
0 0.18125 0.26796875 0.1125 0.0984375
0 0.3421875 0.37109375 0.146875 0.05625
0 0.67109375 0.88359375 0.146875 0.0515625
1 0.64296875 0.321875 0.1375 0.096875
2 0.16015625 0.85703125 0.23125 0.065625
3 0.39609375 0.84921875 0.2265625 0.109375
3 0.4703125 0.81875 0.190625 0.0921875
3 0.05859375 0.3828125 0.1171875 0.2125
0 0.63203125 0.5046875 0.15625 0.09375