1 0.7796875 0.35859375 0.16875 0.28125
1 0.4125 0.18359375 0.1640625 0.2828125
3 0.1703125 0.28671875 0.0609375 0.1890625
0 0.30859375 0.165625 0.05546875 0.16484375
0 0.8078125 0.76015625 0.04921875 0.1203125
1 0.2578125 0.0453125 0.125 0.090625
0 0.88203125 0.48125 0.0734375 0.10546875
0 0.434375 0.5140625 0.084375 0.1671875
3 0.97109375 0.1203125 0.05703125 0.2234375
0 0.78515625 0.94921875 0.078125 0.1
0 0.43359375 0.96171875 0.0796875 0.0765625
2 0.88046875 0.61953125 0.11484375 0.190625
2 0.19765625 0.1203125 0.14140625 0.21171875
0 0.1078125 0.3140625 0.06875 0.146875
3 0.20234375 0.39921875 0.09140625 0.1796875
0 0.053125 0.83125 0.03828125 0.1171875