1 0.25546875 0.8796875 0.1125 0.209375
3 0.40625 0.70390625 0.0953125 0.3734375
0 0.509375 0.90234375 0.1109375 0.15
2 0.53046875 0.6765625 0.1484375 0.15
0 0.67265625 0.94375 0.065625 0.1125
1 0.56796875 0.95390625 0.1390625 0.0921875
1 0.8328125 0.11796875 0.1546875 0.2359375
1 0.52109375 0.13125 0.1703125 0.23125
0 0.8453125 0.30546875 0.0859375 0.1328125
0 0.8140625 0.18671875 0.053125 0.09375
0 0.4078125 0.2453125 0.096875 0.1703125
0 0.340625 0.96328125 0.075 0.0734375
0 0.903125 0.95390625 0.0375 0.0828125