3 0.46328125 0.86953125 0.221875 0.1125
1 0.9375 0.6859375 0.125 0.1578125
1 0.715625 0.7109375 0.3125 0.0921875
0 0.46953125 0.64375 0.1375 0.06875
3 0.9359375 0.46484375 0.128125 0.159375
3 0.8453125 0.2328125 0.146875 0.121875
3 0.8046875 0.315625 0.090625 0.121875
0 0.70078125 0.196875 0.1078125 0.053125
1 0.69765625 0.43515625 0.3375 0.15
0 0.4296875 0.3203125 0.140625 0.0609375
3 0.10625 0.509375 0.1796875 0.2
0 0.95546875 0.29453125 0.0890625 0.0796875
2 0.70390625 0.55 0.23125 0.103125
2 0.440625 0.4140625 0.265625 0.1484375