0 0.140625 0.0609375 0.059375 0.121875
0 0.046875 0.14453125 0.0453125 0.0984375
3 0.396875 0.05703125 0.1875 0.1140625
0 0.303125 0.19921875 0.04765625 0.12421875
1 0.57265625 0.22109375 0.17109375 0.29765625
3 0.80390625 0.12734375 0.11328125 0.2546875
2 0.64609375 0.04375 0.1421875 0.0875
3 0.86640625 0.6828125 0.09609375 0.16953125
3 0.7859375 0.54921875 0.0703125 0.12265625
1 0.71171875 0.76328125 0.2234375 0.315625
2 0.46171875 0.65234375 0.10546875 0.34296875
1 0.38359375 0.9203125 0.165625 0.159375
0 0.24140625 0.93671875 0.06953125 0.1265625
1 0.23828125 0.59765625 0.15 0.28515625
3 0.3765625 0.46796875 0.15 0.28359375
0 0.75078125 0.90859375 0.1 0.11953125
0 0.8796875 0.915625 0.06484375 0.08046875