1 0.384375 0.38828125 0.2140625 0.2296875
1 0.42421875 0.15 0.15546875 0.18359375
1 0.10859375 0.23125 0.1515625 0.278125
1 0.7390625 0.19765625 0.14453125 0.23046875
3 0.828125 0.35234375 0.09765625 0.20703125
1 0.61015625 0.35078125 0.15703125 0.21953125
3 0.51171875 0.81796875 0.15390625 0.12734375
0 0.8140625 0.80703125 0.05625 0.103125
1 0.7046875 0.96015625 0.1671875 0.0796875
0 0.17109375 0.7484375 0.0578125 0.13125
1 0.43828125 0.0375 0.1578125 0.07421875
0 0.75546875 0.8953125 0.0640625 0.0984375
0 0.31640625 0.21875 0.06875 0.16953125
0 0.28046875 0.846875 0.0671875 0.109375
3 0.478125 0.7171875 0.159375 0.12890625
0 0.1046875 0.4015625 0.0671875 0.13828125
0 0.41640625 0.56796875 0.05546875 0.140625
3 0.040625 0.03203125 0.04296875 0.06328125
0 0.834375 0.20703125 0.06796875 0.11015625
3 0.29609375 0.63515625 0.17421875 0.3234375
0 0.09609375 0.709375 0.0625 0.10234375