1 0.5109375 0.934375 0.25625 0.13046875
1 0.42109375 0.1515625 0.18203125 0.265625
0 0.290625 0.81015625 0.10625 0.13359375
0 0.23203125 0.7453125 0.08125 0.11484375
0 0.2203125 0.553125 0.08359375 0.146875
0 0.75703125 0.89375 0.08125 0.15234375
0 0.7015625 0.43828125 0.08515625 0.17890625
3 0.3375 0.05234375 0.15 0.1046875
3 0.90390625 0.62265625 0.0625 0.19296875
1 0.584375 0.3265625 0.19375 0.26328125
2 0.2484375 0.29765625 0.1375 0.2875
2 0.27734375 0.20078125 0.121875 0.26015625
1 0.76875 0.25390625 0.18515625 0.34375