1 0.26640625 0.29609375 0.17734375 0.32109375
0 0.084375 0.5125 0.0890625 0.18984375
0 0.2375 0.8109375 0.0671875 0.1546875
0 0.32265625 0.94140625 0.06953125 0.1171875
1 0.5328125 0.84765625 0.16953125 0.19921875
0 0.47265625 0.9484375 0.096875 0.103125
2 0.6453125 0.7625 0.153125 0.2765625
1 0.63125 0.95390625 0.09375 0.0921875
3 0.7984375 0.696875 0.10625 0.10234375
2 0.79296875 0.26796875 0.14453125 0.23203125
2 0.7125 0.109375 0.1515625 0.21875
2 0.609375 0.44609375 0.19765625 0.203125
0 0.10703125 0.02109375 0.05078125 0.04140625
3 0.04140625 0.06171875 0.05078125 0.1234375