1 0.58515625 0.19375 0.15 0.31875
1 0.8984375 0.2390625 0.1234375 0.21875
1 0.31875 0.1390625 0.18203125 0.18828125
3 0.0703125 0.62265625 0.08125 0.34765625
1 0.06640625 0.2296875 0.06328125 0.3140625
0 0.2921875 0.621875 0.0734375 0.128125
2 0.46640625 0.41953125 0.1890625 0.29296875
1 0.71640625 0.2234375 0.10234375 0.3
0 0.6609375 0.08203125 0.075 0.1375
3 0.70703125 0.72109375 0.13359375 0.20546875
0 0.4453125 0.075 0.0640625 0.15
0 0.38671875 0.9421875 0.1171875 0.115625
0 0.3078125 0.9515625 0.0765625 0.096875