1 0.90625 0.5515625 0.065625 0.18125
0 0.66171875 0.63828125 0.09375 0.1125
1 0.8328125 0.915625 0.140625 0.16875
0 0.41015625 0.565625 0.0625 0.08125
1 0.5015625 0.38046875 0.190625 0.33125
2 0.13359375 0.94765625 0.0796875 0.1046875
1 0.3640625 0.659375 0.1453125 0.296875
2 0.6625 0.2203125 0.15625 0.3671875
3 0.821875 0.2453125 0.1140625 0.19375
0 0.728125 0.146875 0.09375 0.171875
2 0.40859375 0.16640625 0.1453125 0.265625
2 0.653125 0.82265625 0.1859375 0.28125
2 0.31953125 0.153125 0.084375 0.275