1 0.66328125 0.34453125 0.18515625 0.253125
1 0.87421875 0.25703125 0.121875 0.24296875
3 0.51796875 0.22109375 0.12578125 0.3640625
3 0.3140625 0.25703125 0.16953125 0.28515625
3 0.771875 0.3453125 0.1 0.30234375
3 0.88125 0.57890625 0.06953125 0.22265625
3 0.06328125 0.54296875 0.12265625 0.134375
3 0.42421875 0.1609375 0.09296875 0.27265625
1 0.5359375 0.7765625 0.0828125 0.28125
0 0.3 0.52890625 0.07734375 0.14921875
0 0.8859375 0.07734375 0.06953125 0.14375
1 0.3796875 0.73046875 0.10859375 0.3296875