2 0.79453125 0.7484375 0.1375 0.25546875
1 0.70390625 0.4796875 0.15546875 0.30703125
1 0.5796875 0.52890625 0.11015625 0.36484375
1 0.4421875 0.084375 0.140625 0.16796875
0 0.29296875 0.05234375 0.059375 0.1015625
1 0.18984375 0.71171875 0.10546875 0.27265625
0 0.09609375 0.70703125 0.06015625 0.0953125
1 0.35 0.87265625 0.128125 0.2546875
0 0.41796875 0.92734375 0.1265625 0.1453125
3 0.61875 0.95703125 0.13125 0.0859375
0 0.52265625 0.94375 0.0703125 0.11171875
1 0.67109375 0.115625 0.1515625 0.23046875