1 0.54921875 0.4125 0.1734375 0.3453125
2 0.7625 0.69765625 0.10078125 0.23203125
3 0.67265625 0.90546875 0.146875 0.115625
0 0.76796875 0.525 0.06171875 0.14765625
0 0.6578125 0.55859375 0.06171875 0.14453125
0 0.70390625 0.32421875 0.07265625 0.12578125
2 0.140625 0.1546875 0.1125 0.309375
0 0.059375 0.47890625 0.05546875 0.1015625
0 0.05078125 0.68203125 0.04921875 0.14765625
0 0.21640625 0.1015625 0.0625 0.09453125
1 0.4359375 0.06171875 0.1796875 0.1171875
1 0.61328125 0.14609375 0.1828125 0.2109375