0 0.0171875 0.41953125 0.034375 0.13984375
0 0.02421875 0.23046875 0.0484375 0.2390625
3 0.0421875 0.06171875 0.0484375 0.1234375
3 0.22421875 0.5984375 0.05234375 0.2625
0 0.1796875 0.07421875 0.07578125 0.1484375
1 0.43359375 0.08125 0.153125 0.1625
0 0.76015625 0.25078125 0.1 0.12578125
0 0.6171875 0.43046875 0.12734375 0.18359375
1 0.2390625 0.87890625 0.1453125 0.2421875
2 0.46015625 0.66015625 0.19375 0.35390625
2 0.834375 0.38203125 0.11953125 0.24140625
2 0.15234375 0.30234375 0.09140625 0.25234375
0 0.0640625 0.453125 0.04453125 0.09453125