0 0.33359375 0.38125 0.07109375 0.1171875
3 0.83515625 0.18125 0.12421875 0.13984375
0 0.66328125 0.51484375 0.059375 0.13125
3 0.596875 0.50234375 0.12109375 0.25390625
0 0.6828125 0.96640625 0.0875 0.0671875
0 0.0734375 0.1640625 0.07109375 0.1140625
3 0.32421875 0.775 0.171875 0.22421875
0 0.82734375 0.35 0.0703125 0.16171875
0 0.875 0.4109375 0.0421875 0.1078125
0 0.58984375 0.71953125 0.07421875 0.11484375
0 0.5 0.825 0.084375 0.08359375
2 0.06796875 0.6875 0.08671875 0.32734375
0 0.734375 0.64453125 0.08046875 0.11875
0 0.68125 0.71875 0.05859375 0.12890625
2 0.46875 0.18984375 0.1390625 0.3796875
0 0.41640625 0.28671875 0.05625 0.13203125