3 0.21796875 0.56328125 0.2234375 0.30703125
3 0.16796875 0.8984375 0.125 0.146875
2 0.41015625 0.86875 0.20546875 0.26171875
1 0.63046875 0.7328125 0.21875 0.25625
1 0.4125 0.5953125 0.1859375 0.28125
1 0.3296875 0.25 0.146875 0.21640625
1 0.76171875 0.4265625 0.08359375 0.26171875
1 0.82265625 0.66015625 0.1078125 0.23828125
2 0.88828125 0.39375 0.13828125 0.2109375
3 0.72578125 0.0546875 0.1203125 0.109375
1 0.8453125 0.19375 0.1 0.22890625
3 0.2640625 0.8671875 0.09296875 0.265625
3 0.29140625 0.08046875 0.0671875 0.1609375