0 0.13359375 0.77890625 0.08828125 0.16875
0 0.40390625 0.36640625 0.1578125 0.1828125
0 0.4328125 0.609375 0.05625 0.134375
0 0.76953125 0.06875 0.08671875 0.11328125
3 0.7265625 0.18359375 0.06640625 0.20546875
3 0.60078125 0.565625 0.1375 0.23203125
3 0.37734375 0.56953125 0.059375 0.27265625
0 0.49921875 0.7421875 0.084375 0.14765625
2 0.3046875 0.87734375 0.125 0.2453125
0 0.63203125 0.85390625 0.08359375 0.12578125
3 0.721875 0.8125 0.128125 0.1578125
0 0.7375 0.953125 0.07109375 0.08515625
0 0.03359375 0.396875 0.0453125 0.07578125
3 0.1734375 0.190625 0.1453125 0.16171875