1 0.2734375 0.20703125 0.12734375 0.3390625
0 0.346875 0.5078125 0.08828125 0.1578125
0 0.55703125 0.209375 0.09140625 0.096875
1 0.8546875 0.20390625 0.16015625 0.24921875
0 0.31328125 0.709375 0.07109375 0.15546875
0 0.54765625 0.5375 0.06640625 0.11875
0 0.09609375 0.80703125 0.0671875 0.08515625
2 0.2484375 0.44296875 0.1390625 0.14765625
0 0.24375 0.878125 0.0765625 0.0671875
1 0.18828125 0.15546875 0.096875 0.16015625
2 0.77265625 0.93984375 0.1546875 0.1203125
1 0.55234375 0.1046875 0.215625 0.19375
0 0.81953125 0.79375 0.0484375 0.10234375
1 0.9015625 0.76640625 0.1 0.228125
0 0.66328125 0.4203125 0.0984375 0.17578125
0 0.946875 0.190625 0.05390625 0.1015625
0 0.42421875 0.06796875 0.0515625 0.1359375
2 0.44453125 0.2984375 0.18203125 0.2515625
3 0.5859375 0.76484375 0.15078125 0.22578125
3 0.91171875 0.49765625 0.13203125 0.33515625