1 0.79453125 0.7203125 0.4109375 0.25625
0 0.84765625 0.88828125 0.1 0.0625
2 0.146875 0.65859375 0.20625 0.20625
3 0.10703125 0.51171875 0.2140625 0.165625
3 0.2015625 0.51328125 0.065625 0.1
0 0.25625 0.4625 0.10625 0.0703125
2 0.47578125 0.4203125 0.340625 0.23125
0 0.50859375 0.23359375 0.14375 0.08125
1 0.28671875 0.11640625 0.234375 0.1453125
1 0.13203125 0.1421875 0.2640625 0.15
1 0.084375 0.2109375 0.16875 0.1375
0 0.65703125 0.4375 0.159375 0.115625
0 0.9015625 0.540625 0.125 0.046875
1 0.74140625 0.26953125 0.309375 0.103125
3 0.8453125 0.1421875 0.253125 0.053125
1 0.89140625 0.35546875 0.2171875 0.0890625
1 0.94375 0.271875 0.1125 0.1