0 0.3171875 0.3375 0.0640625 0.10703125
1 0.26640625 0.3890625 0.159375 0.27890625
0 0.30078125 0.68046875 0.06953125 0.1484375
0 0.4734375 0.72890625 0.040625 0.08671875
3 0.40078125 0.9 0.07109375 0.2
1 0.77265625 0.94765625 0.1421875 0.1046875
1 0.8734375 0.93359375 0.0625 0.1328125
0 0.8890625 0.5953125 0.0359375 0.153125
1 0.86015625 0.175 0.1 0.29609375
0 0.56171875 0.0296875 0.09140625 0.05859375
0 0.52109375 0.0640625 0.08828125 0.08359375
0 0.215625 0.0265625 0.07890625 0.053125
0 0.30625 0.02421875 0.0859375 0.0484375