0 0.1984375 0.475 0.06640625 0.17109375
1 0.4375 0.85390625 0.153125 0.2921875
1 0.55078125 0.81953125 0.1515625 0.29609375
1 0.51015625 0.48984375 0.1546875 0.35078125
3 0.61796875 0.58359375 0.0640625 0.23125
3 0.9078125 0.628125 0.1421875 0.1796875
0 0.87734375 0.29296875 0.08203125 0.14609375
3 0.71796875 0.14609375 0.11796875 0.19765625
0 0.4703125 0.171875 0.0859375 0.15390625
0 0.3765625 0.16484375 0.109375 0.19296875
2 0.4765625 0.0515625 0.15 0.103125
3 0.54609375 0.1015625 0.075 0.1234375
3 0.5828125 0.21875 0.18515625 0.25234375
0 0.28515625 0.40625 0.08203125 0.1125