2 0.18984375 0.79375 0.265625 0.171875
0 0.25078125 0.44375 0.253125 0.1375
0 0.04765625 0.9375 0.0953125 0.046875
0 0.86328125 0.28828125 0.1328125 0.084375
0 0.884375 0.7671875 0.1328125 0.046875
0 0.89140625 0.7234375 0.15625 0.040625
0 0.83671875 0.67109375 0.1390625 0.0765625
0 0.634375 0.58828125 0.1046875 0.08125
1 0.66328125 0.74375 0.271875 0.18125
1 0.91171875 0.6265625 0.1765625 0.1703125
1 0.9390625 0.43515625 0.121875 0.2
3 0.846875 0.4375 0.0953125 0.1625
1 0.4875 0.55546875 0.271875 0.1984375
0 0.4328125 0.40234375 0.125 0.0890625
3 0.3390625 0.128125 0.109375 0.05625
3 0.09765625 0.4609375 0.19375 0.153125
1 0.06171875 0.17421875 0.1234375 0.1015625
3 0.05 0.98515625 0.1 0.0203125