1 0.39375 0.94765625 0.1734375 0.103125
1 0.25859375 0.55234375 0.14375 0.2765625
1 0.8171875 0.3140625 0.1234375 0.234375
1 0.44609375 0.18359375 0.190625 0.253125
1 0.2359375 0.1453125 0.190625 0.2359375
1 0.3546875 0.3453125 0.1328125 0.265625
0 0.15703125 0.6875 0.08125 0.109375
0 0.23125 0.92890625 0.0578125 0.08125
3 0.859375 0.4890625 0.15625 0.103125
0 0.70859375 0.24140625 0.1 0.1546875
0 0.65390625 0.075 0.0890625 0.15
0 0.55546875 0.0546875 0.0890625 0.109375
3 0.39375 0.56875 0.11875 0.3109375
3 0.74453125 0.065625 0.1234375 0.13125