0 0.6421875 0.86015625 0.121875 0.0671875
2 0.5015625 0.8875 0.259375 0.140625
0 0.9484375 0.61953125 0.103125 0.0875
0 0.915625 0.6703125 0.075 0.040625
0 0.72265625 0.53671875 0.1125 0.059375
3 0.86171875 0.28671875 0.275 0.165625
0 0.4921875 0.33359375 0.1296875 0.134375
0 0.74453125 0.415625 0.1234375 0.1015625
3 0.29296875 0.48671875 0.225 0.146875
0 0.38671875 0.12265625 0.15625 0.0625
1 0.31015625 0.3078125 0.1125 0.109375
0 0.16015625 0.284375 0.16875 0.075
2 0.14453125 0.17421875 0.171875 0.1609375