1 0.8421875 0.43203125 0.10625 0.30234375
1 0.68203125 0.8828125 0.1796875 0.234375
1 0.23828125 0.25234375 0.14453125 0.28203125
3 0.0921875 0.525 0.07109375 0.28984375
3 0.46640625 0.2 0.1296875 0.296875
3 0.96171875 0.859375 0.075 0.2796875
1 0.54140625 0.94453125 0.15625 0.1109375
3 0.33671875 0.08359375 0.1328125 0.1671875
3 0.725 0.628125 0.16015625 0.26875
3 0.23984375 0.578125 0.14609375 0.29765625
3 0.32265625 0.43984375 0.18203125 0.22578125
0 0.15078125 0.70703125 0.0734375 0.09140625
0 0.22421875 0.7546875 0.0859375 0.12890625
3 0.65234375 0.05859375 0.0953125 0.1171875