3 0.2734375 0.759375 0.11640625 0.2609375
1 0.5875 0.80703125 0.16015625 0.24453125
0 0.55859375 0.67578125 0.05859375 0.0890625
0 0.60859375 0.7078125 0.05859375 0.09609375
0 0.4203125 0.7390625 0.0546875 0.15
0 0.96015625 0.94453125 0.03515625 0.11015625
0 0.740625 0.27265625 0.05 0.1234375
3 0.690625 0.23515625 0.1296875 0.29921875
0 0.84140625 0.10625 0.03828125 0.1109375
0 0.7359375 0.05390625 0.0609375 0.09921875
0 0.47109375 0.26953125 0.07578125 0.15703125
0 0.34375 0.02890625 0.06328125 0.0578125
1 0.19765625 0.87109375 0.09375 0.2578125