2 0.625 0.89453125 0.10625 0.2046875
0 0.290625 0.79375 0.0734375 0.1609375
0 0.140625 0.2515625 0.05703125 0.10546875
3 0.6234375 0.1453125 0.07109375 0.27578125
0 0.40234375 0.953125 0.08984375 0.09140625
2 0.6203125 0.72421875 0.1359375 0.22265625
1 0.746875 0.8765625 0.10546875 0.240625
0 0.79296875 0.11015625 0.08203125 0.10546875
3 0.4328125 0.7078125 0.21328125 0.290625
3 0.97578125 0.75234375 0.040625 0.2359375
0 0.86875 0.3953125 0.08203125 0.14921875
0 0.490625 0.29921875 0.096875 0.16796875