0 0.79375 0.87578125 0.07265625 0.1453125
1 0.71015625 0.4515625 0.115625 0.34609375
2 0.26953125 0.42421875 0.221875 0.234375
3 0.4296875 0.1421875 0.096875 0.284375
3 0.6265625 0.640625 0.0640625 0.3109375
1 0.5421875 0.88984375 0.153125 0.2203125
1 0.4640625 0.71875 0.15234375 0.20703125
3 0.921875 0.4296875 0.125 0.26484375
0 0.81875 0.31015625 0.0625 0.15234375
0 0.5703125 0.41484375 0.12421875 0.20390625
3 0.321875 0.61484375 0.11015625 0.18671875
0 0.1546875 0.509375 0.0625 0.13984375
0 0.89140625 0.86328125 0.07578125 0.10859375