0 0.57734375 0.2328125 0.06484375 0.153125
0 0.5234375 0.165625 0.04140625 0.06953125
0 0.81484375 0.8875 0.071875 0.14765625
0 0.98515625 0.68671875 0.0296875 0.1453125
0 0.70546875 0.91484375 0.1046875 0.1671875
0 0.58671875 0.9453125 0.0796875 0.109375
0 0.571875 0.7453125 0.08828125 0.1609375
0 0.51796875 0.7953125 0.075 0.1421875
0 0.5171875 0.678125 0.075 0.1
0 0.6078125 0.6078125 0.084375 0.11953125
0 0.4578125 0.5015625 0.07890625 0.18125
0 0.47734375 0.63671875 0.053125 0.08828125
0 0.43515625 0.69296875 0.09375 0.18125
0 0.4140625 0.75234375 0.0703125 0.17734375
0 0.41328125 0.90859375 0.08359375 0.12890625
0 0.32578125 0.9296875 0.0953125 0.1265625
0 0.35 0.82734375 0.10625 0.18125
0 0.3046875 0.815625 0.03515625 0.09140625
0 0.2625 0.87578125 0.05625 0.078125
0 0.38828125 0.578125 0.08515625 0.09296875
0 0.34375 0.64375 0.0734375 0.128125
0 0.3859375 0.471875 0.07265625 0.12578125
0 0.2671875 0.4171875 0.06796875 0.1078125
0 0.73984375 0.81015625 0.0640625 0.09609375
0 0.26484375 0.78203125 0.05 0.1421875