0 0.36796875 0.8953125 0.059375 0.0859375
1 0.17578125 0.54375 0.115625 0.290625
1 0.171875 0.08203125 0.128125 0.1640625
0 0.103125 0.02578125 0.03125 0.0515625
1 0.30078125 0.0625 0.134375 0.125
0 0.77578125 0.153125 0.06875 0.1375
1 0.90625 0.153125 0.1078125 0.16875
3 0.9390625 0.03671875 0.0453125 0.0734375
0 0.646875 0.19140625 0.0625 0.109375
1 0.725 0.36484375 0.1546875 0.278125
1 0.8078125 0.5140625 0.153125 0.209375
1 0.83046875 0.35859375 0.140625 0.26875
0 0.81875 0.69375 0.06875 0.1375
0 0.75859375 0.596875 0.078125 0.1375
2 0.38046875 0.509375 0.14375 0.35
0 0.28203125 0.4171875 0.0921875 0.16875
2 0.1390625 0.3671875 0.15 0.29375
0 0.1625 0.47109375 0.028125 0.04375
0 0.22265625 0.53359375 0.0625 0.153125
2 0.28984375 0.58515625 0.115625 0.203125
0 0.23984375 0.97265625 0.11875 0.0546875
0 0.71015625 0.76640625 0.053125 0.06875
3 0.7671875 0.73515625 0.075 0.14375
2 0.61953125 0.33359375 0.1375 0.184375
0 0.59296875 0.02421875 0.090625 0.046875
3 0.70703125 0.0625 0.121875 0.125