1 0.05234375 0.39375 0.103125 0.1734375
1 0.44765625 0.25859375 0.2765625 0.14375
1 0.6859375 0.8171875 0.234375 0.1234375
1 0.81640625 0.44609375 0.253125 0.190625
1 0.8546875 0.2359375 0.2359375 0.190625
1 0.6546875 0.3546875 0.265625 0.1328125
0 0.3125 0.15703125 0.109375 0.08125
0 0.07109375 0.23125 0.08125 0.0578125
3 0.5109375 0.859375 0.103125 0.15625
0 0.75859375 0.70859375 0.1546875 0.1
0 0.925 0.65390625 0.15 0.0890625
0 0.9453125 0.55546875 0.109375 0.0890625
3 0.43125 0.39375 0.3109375 0.11875
3 0.934375 0.74453125 0.13125 0.121875