1 0.60625 0.05234375 0.1734375 0.10390625
1 0.74140625 0.44765625 0.14296875 0.2765625
1 0.1828125 0.6859375 0.1234375 0.23359375
1 0.55390625 0.81640625 0.18984375 0.253125
1 0.7640625 0.8546875 0.18984375 0.2359375
1 0.6453125 0.6546875 0.1328125 0.26484375
0 0.84296875 0.3125 0.08125 0.10859375
0 0.76875 0.07109375 0.0578125 0.08203125
3 0.140625 0.5109375 0.15703125 0.103125
0 0.29140625 0.75859375 0.10078125 0.1546875
0 0.34609375 0.925 0.08828125 0.14921875
0 0.44453125 0.9453125 0.0890625 0.109375
3 0.60625 0.43125 0.11953125 0.3109375
3 0.25546875 0.934375 0.12265625 0.13125
3 0.4140625 0.378125 0.090625 0.26484375