0 0.22578125 0.35625 0.0875 0.14375
0 0.21953125 0.84453125 0.08828125 0.16875
3 0.58984375 0.3421875 0.07890625 0.096875
3 0.47578125 0.30234375 0.209375 0.2703125
3 0.41328125 0.05703125 0.1265625 0.1140625
3 0.65234375 0.359375 0.06796875 0.240625
0 0.65390625 0.21484375 0.08828125 0.1421875
3 0.309375 0.71953125 0.14375 0.2390625
3 0.5828125 0.58046875 0.09375 0.22109375
0 0.62578125 0.70859375 0.05234375 0.07578125
3 0.07890625 0.25 0.03828125 0.08203125
1 0.31953125 0.97265625 0.0828125 0.0546875
1 0.428125 0.93984375 0.11171875 0.1203125
3 0.13359375 0.93203125 0.10625 0.1359375
3 0.36796875 0.33515625 0.06171875 0.29765625