0 0.953125 0.16796875 0.09375 0.084375
0 0.93046875 0.3640625 0.121875 0.075
0 0.97265625 0.41171875 0.0546875 0.06875
0 0.4796875 0.28828125 0.125 0.0625
0 0.94375 0.5625 0.1125 0.0640625
0 0.684375 0.92578125 0.1640625 0.0625
3 0.50859375 0.8046875 0.15 0.0859375
3 0.46015625 0.625 0.25 0.096875
0 0.5890625 0.47734375 0.09375 0.05
0 0.35 0.3046875 0.140625 0.0875
0 0.07421875 0.1734375 0.1484375 0.08125
2 0.08515625 0.290625 0.1703125 0.15625
0 0.01484375 0.36640625 0.0296875 0.05
0 0.20703125 0.8921875 0.109375 0.059375
3 0.21875 0.1046875 0.190625 0.0625
3 0.19765625 0.75 0.26875 0.090625
3 0.71015625 0.20625 0.325 0.140625
2 0.890625 0.640625 0.21875 0.096875
2 0.4515625 0.52421875 0.246875 0.1015625