1 0.51640625 0.2765625 0.16796875 0.26875
3 0.490625 0.1109375 0.1609375 0.103125
0 0.62265625 0.18359375 0.06640625 0.11015625
0 0.4890625 0.6484375 0.10859375 0.1984375
0 0.040625 0.55 0.05703125 0.11328125
1 0.43125 0.86875 0.1859375 0.26171875
1 0.39921875 0.6640625 0.14609375 0.2015625
1 0.659375 0.90390625 0.14609375 0.1921875
0 0.90625 0.91796875 0.078125 0.1640625
0 0.8296875 0.51875 0.06484375 0.12734375
0 0.74296875 0.52421875 0.0875 0.1515625
0 0.88828125 0.3703125 0.0578125 0.10234375