1 0.89375 0.165625 0.08046875 0.17890625
0 0.9453125 0.26171875 0.05078125 0.10234375
2 0.68671875 0.4578125 0.18984375 0.40234375
1 0.559375 0.60078125 0.1609375 0.34765625
1 0.7828125 0.734375 0.134375 0.28046875
0 0.521875 0.8578125 0.075 0.10390625
1 0.26640625 0.8421875 0.1078125 0.26796875
2 0.31875 0.92265625 0.159375 0.15390625
1 0.2109375 0.50546875 0.1859375 0.19140625
0 0.159375 0.246875 0.06484375 0.11171875
0 0.2 0.128125 0.065625 0.146875
2 0.5765625 0.9390625 0.1921875 0.12109375
3 0.2890625 0.03203125 0.14375 0.0640625