0 0.6828125 0.6625 0.0640625 0.10703125
1 0.73359375 0.6109375 0.159375 0.27890625
0 0.69921875 0.31953125 0.06953125 0.1484375
0 0.5265625 0.27109375 0.040625 0.08671875
3 0.59921875 0.1 0.07109375 0.2
1 0.22734375 0.05234375 0.1421875 0.1046875
1 0.1265625 0.06640625 0.0625 0.1328125
0 0.1109375 0.4046875 0.0359375 0.153125
1 0.13984375 0.825 0.1 0.29609375
0 0.43828125 0.9703125 0.09140625 0.05859375
0 0.47890625 0.9359375 0.08828125 0.08359375
0 0.784375 0.9734375 0.07890625 0.053125
0 0.69375 0.97578125 0.0859375 0.0484375