3 0.09453125 0.83125 0.1875 0.04375
3 0.0484375 0.98671875 0.096875 0.0171875
1 0.078125 0.4125 0.15625 0.0984375
0 0.21328125 0.26328125 0.084375 0.06875
2 0.3625 0.28984375 0.36875 0.134375
2 0.821875 0.1203125 0.1375 0.1125
3 0.85546875 0.42265625 0.2890625 0.14375
3 0.57734375 0.38125 0.203125 0.1984375
3 0.52734375 0.5359375 0.296875 0.125
0 0.51015625 0.63359375 0.1796875 0.096875
0 0.6703125 0.6390625 0.1453125 0.0765625
1 0.896875 0.7671875 0.19375 0.1390625
0 0.7703125 0.71640625 0.165625 0.11875