0 0.8859375 0.4140625 0.08125 0.1171875
0 0.7875 0.24375 0.0890625 0.1453125
0 0.7875 0.3765625 0.07109375 0.1375
0 0.91640625 0.1796875 0.05859375 0.1
0 0.76875 0.153125 0.09453125 0.128125
0 0.859375 0.04375 0.0625 0.0875
2 0.50546875 0.22109375 0.16328125 0.17734375
2 0.2 0.17421875 0.078125 0.24609375
0 0.43828125 0.246875 0.0734375 0.10078125
0 0.42421875 0.3515625 0.06171875 0.11484375
0 0.2703125 0.5765625 0.08359375 0.14765625
1 0.21796875 0.84375 0.109375 0.2953125
0 0.50078125 0.61953125 0.08515625 0.234375
3 0.70625 0.87890625 0.09375 0.2421875
0 0.69375 0.65703125 0.06484375 0.11328125
2 0.79765625 0.5953125 0.12578125 0.21171875
2 0.2578125 0.05234375 0.065625 0.1046875
3 0.33203125 0.36796875 0.10625 0.209375