3 0.40625 0.6484375 0.1671875 0.2765625
3 0.6140625 0.32109375 0.13671875 0.1421875
3 0.8046875 0.60703125 0.14296875 0.121875
1 0.26328125 0.40234375 0.121875 0.3078125
0 0.69375 0.15703125 0.05625 0.13671875
2 0.17421875 0.9328125 0.125 0.134375
0 0.5625 0.67421875 0.06875 0.121875
0 0.1078125 0.89140625 0.06171875 0.12421875
0 0.95078125 0.28203125 0.065625 0.11171875
0 0.0265625 0.31796875 0.053125 0.103125
3 0.18515625 0.3984375 0.0625 0.14140625
2 0.1015625 0.31328125 0.09375 0.2734375
0 0.80390625 0.02734375 0.071875 0.053125
0 0.40546875 0.075 0.0640625 0.15
0 0.184375 0.59375 0.153125 0.25234375
0 0.46640625 0.55546875 0.05078125 0.07734375
3 0.76875 0.9453125 0.08828125 0.10859375