1 0.6921875 0.50625 0.171875 0.22109375
2 0.3625 0.60703125 0.1890625 0.31953125
2 0.14375 0.23046875 0.121875 0.30546875
2 0.3796875 0.27734375 0.2171875 0.31171875
1 0.78828125 0.7296875 0.20703125 0.29921875
1 0.45859375 0.803125 0.18359375 0.1890625
1 0.3046875 0.884375 0.1421875 0.23125
1 0.16015625 0.87578125 0.11171875 0.24140625
2 0.6203125 0.8125 0.13671875 0.2515625
3 0.41484375 0.909375 0.1234375 0.12578125
0 0.92890625 0.45859375 0.08125 0.15625
3 0.61640625 0.1375 0.146875 0.246875
0 0.41640625 0.03984375 0.0953125 0.0796875
0 0.1953125 0.053125 0.0546875 0.10625