1 0.76328125 0.484375 0.1921875 0.246875
3 0.5421875 0.1578125 0.12421875 0.22109375
0 0.5859375 0.684375 0.065625 0.11484375
1 0.084375 0.528125 0.10703125 0.2765625
0 0.68203125 0.26640625 0.06328125 0.15546875
3 0.85859375 0.1234375 0.14921875 0.14921875
3 0.025 0.778125 0.04921875 0.22578125
0 0.56875 0.53125 0.0921875 0.1421875
0 0.63984375 0.82578125 0.084375 0.16640625
0 0.86796875 0.71484375 0.08203125 0.153125
3 0.10390625 0.74609375 0.1296875 0.16484375
3 0.3140625 0.2546875 0.14140625 0.1984375
3 0.50078125 0.38203125 0.1125 0.20625
3 0.49296875 0.7640625 0.13359375 0.32578125
3 0.81328125 0.915625 0.10859375 0.16875