0 0.68046875 0.28828125 0.159375 0.0890625
3 0.08984375 0.07734375 0.109375 0.06875
2 0.2140625 0.240625 0.428125 0.20625
1 0.303125 0.3890625 0.2234375 0.13125
0 0.125 0.43203125 0.1375 0.0796875
0 0.221875 0.62734375 0.15625 0.096875
0 0.290625 0.7109375 0.171875 0.1125
0 0.1046875 0.7828125 0.1546875 0.0328125
2 0.10078125 0.721875 0.2015625 0.103125
3 0.1421875 0.8765625 0.165625 0.103125
1 0.4890625 0.771875 0.3 0.153125
3 0.38984375 0.63828125 0.18125 0.153125
3 0.68984375 0.61875 0.178125 0.159375
0 0.71953125 0.4703125 0.1640625 0.065625
0 0.8796875 0.83671875 0.240625 0.1125
0 0.9328125 0.10234375 0.134375 0.040625