1 0.8890625 0.28125 0.12734375 0.29921875
1 0.76640625 0.3328125 0.165625 0.28515625
1 0.73515625 0.85 0.1640625 0.3
0 0.74296875 0.571875 0.06640625 0.1328125
2 0.58515625 0.91875 0.1515625 0.1625
2 0.46015625 0.83671875 0.15234375 0.32578125
0 0.39765625 0.42890625 0.09453125 0.2921875
1 0.35703125 0.1578125 0.15546875 0.27578125
3 0.26640625 0.11640625 0.05234375 0.19375
0 0.16171875 0.89921875 0.04765625 0.153125
0 0.1109375 0.94375 0.084375 0.1125
2 0.16484375 0.15078125 0.15234375 0.25703125
3 0.21171875 0.671875 0.11796875 0.325