1 0.85703125 0.428125 0.12890625 0.30625
0 0.89375 0.31171875 0.0390625 0.0890625
3 0.67734375 0.2640625 0.1515625 0.24296875
3 0.71328125 0.15078125 0.17109375 0.2296875
1 0.21796875 0.8203125 0.11015625 0.29375
0 0.5875 0.8109375 0.0796875 0.22890625
1 0.1328125 0.7296875 0.0640625 0.296875
3 0.8 0.7734375 0.1359375 0.196875
2 0.36171875 0.69765625 0.1015625 0.3203125
0 0.27421875 0.46640625 0.0859375 0.23046875
3 0.47890625 0.434375 0.14140625 0.25390625
0 0.5859375 0.46640625 0.0796875 0.16171875
0 0.31328125 0.78515625 0.0828125 0.2296875