1 0.72578125 0.84765625 0.16796875 0.2734375
1 0.3203125 0.78125 0.14296875 0.2578125
0 0.52578125 0.859375 0.0953125 0.1375
0 0.28046875 0.04296875 0.07109375 0.08515625
3 0.43359375 0.7 0.07265625 0.2671875
0 0.16953125 0.87890625 0.078125 0.1171875
3 0.0890625 0.41484375 0.09140625 0.259375
0 0.17109375 0.12109375 0.07421875 0.14453125
0 0.1734375 0.7078125 0.04296875 0.05390625
0 0.40859375 0.39140625 0.1671875 0.27578125
0 0.596875 0.2296875 0.0546875 0.146875
2 0.53125 0.553125 0.1734375 0.39453125