1 0.74453125 0.1203125 0.11328125 0.209375
3 0.59375 0.29609375 0.0953125 0.3734375
0 0.490625 0.09765625 0.11015625 0.15078125
2 0.46953125 0.3234375 0.1484375 0.14921875
0 0.32734375 0.05625 0.06640625 0.1125
1 0.43203125 0.04609375 0.1390625 0.0921875
1 0.1671875 0.88203125 0.1546875 0.2359375
1 0.47890625 0.86875 0.16953125 0.23125
0 0.1546875 0.69453125 0.0859375 0.13203125
0 0.1859375 0.81328125 0.05234375 0.09453125
0 0.5921875 0.7546875 0.09609375 0.1703125
0 0.659375 0.03671875 0.07578125 0.0734375
0 0.096875 0.04609375 0.03671875 0.0828125