0 0.56796875 0.30234375 0.0765625 0.13828125
0 0.5609375 0.090625 0.08125 0.11953125
0 0.23046875 0.05 0.0859375 0.1
0 0.1421875 0.046875 0.06640625 0.09375
0 0.10390625 0.12109375 0.0546875 0.12109375
0 0.303125 0.10625 0.09453125 0.13125
0 0.37265625 0.17109375 0.0796875 0.15234375
0 0.29765625 0.21875 0.08046875 0.11328125
0 0.01953125 0.38359375 0.0359375 0.12734375
0 0.0453125 0.3953125 0.03359375 0.1390625
0 0.20859375 0.50390625 0.10859375 0.18828125
0 0.1609375 0.60546875 0.07109375 0.09609375
0 0.0921875 0.5640625 0.0453125 0.1390625
0 0.084375 0.76875 0.06953125 0.090625
0 0.425 0.79765625 0.06953125 0.1296875
0 0.49921875 0.82421875 0.075 0.1765625
0 0.528125 0.6984375 0.0765625 0.13515625
0 0.4609375 0.69609375 0.07578125 0.13359375
0 0.16015625 0.68203125 0.07265625 0.10625
0 0.21171875 0.85 0.090625 0.1375
1 0.64296875 0.8578125 0.25625 0.284375
0 0.76640625 0.70703125 0.0546875 0.153125
0 0.15703125 0.75 0.0375 0.0671875
0 0.1234375 0.68203125 0.03046875 0.1046875
0 0.0609375 0.2390625 0.0703125 0.13046875