0 0.55078125 0.27421875 0.1484375 0.25625
0 0.85859375 0.1578125 0.0671875 0.125
1 0.54453125 0.10078125 0.178125 0.2
2 0.56796875 0.615625 0.090625 0.228125
0 0.39453125 0.56171875 0.0796875 0.13125
0 0.43515625 0.80546875 0.075 0.1
0 0.43359375 0.409375 0.075 0.13125
0 0.17578125 0.9828125 0.053125 0.034375
1 0.2796875 0.93671875 0.11875 0.1265625
2 0.121875 0.5359375 0.10625 0.21875
0 0.78046875 0.7375 0.0890625 0.146875
0 0.8703125 0.73359375 0.075 0.14375
0 0.35234375 0.0875 0.103125 0.146875
0 0.35546875 0.02421875 0.1109375 0.0484375