2 0.53828125 0.46953125 0.1671875 0.3609375
2 0.77578125 0.31796875 0.2015625 0.39609375
1 0.1640625 0.58828125 0.165625 0.27734375
1 0.13671875 0.33515625 0.13515625 0.25078125
1 0.54375 0.91015625 0.18828125 0.17734375
3 0.365625 0.72734375 0.17734375 0.27578125
1 0.44609375 0.0609375 0.09140625 0.1171875
1 0.15 0.89609375 0.10703125 0.20390625
1 0.29453125 0.278125 0.14453125 0.3703125
2 0.91796875 0.24453125 0.08125 0.33203125
0 0.90703125 0.5234375 0.0546875 0.071875
1 0.8046875 0.8203125 0.14765625 0.321875
1 0.89453125 0.7875 0.08359375 0.24375
1 0.67109375 0.6140625 0.21171875 0.30078125
1 0.409375 0.3484375 0.18828125 0.440625
2 0.528125 0.14921875 0.109375 0.28203125
2 0.65078125 0.21796875 0.1015625 0.43515625