1 0.409375 0.25390625 0.18671875 0.2765625
1 0.51015625 0.0890625 0.12265625 0.178125
1 0.5515625 0.23125 0.08984375 0.1890625
1 0.66171875 0.1640625 0.13984375 0.25390625
3 0.63671875 0.03984375 0.1046875 0.0796875
2 0.66640625 0.4203125 0.115625 0.28828125
3 0.621875 0.88046875 0.13671875 0.23828125
0 0.1578125 0.65625 0.059375 0.1390625
0 0.09296875 0.584375 0.07890625 0.19140625
1 0.8546875 0.9296875 0.078125 0.140625
1 0.9296875 0.47734375 0.09921875 0.2734375
0 0.7984375 0.4 0.1046875 0.11796875
0 0.86640625 0.44921875 0.11953125 0.25078125
2 0.615625 0.64296875 0.14921875 0.2265625