3 0.13046875 0.53671875 0.1125 0.221875
1 0.3140625 0.0625 0.1578125 0.125
1 0.2890625 0.284375 0.09140625 0.3125
0 0.35625 0.53046875 0.06953125 0.1375
3 0.53515625 0.0640625 0.159375 0.128125
3 0.7671875 0.1546875 0.121875 0.14765625
3 0.684375 0.1953125 0.12265625 0.09140625
0 0.803125 0.29921875 0.05390625 0.1078125
1 0.56484375 0.30234375 0.15078125 0.33828125
0 0.6796875 0.5703125 0.0609375 0.13984375
3 0.490625 0.89375 0.19921875 0.1796875
0 0.70546875 0.04453125 0.0796875 0.0890625
2 0.45 0.29609375 0.103125 0.23046875
2 0.5859375 0.559375 0.1484375 0.26640625