3 0.78203125 0.63828125 0.0671875 0.259375
1 0.70625 0.5859375 0.13359375 0.32421875
1 0.49765625 0.721875 0.1359375 0.31953125
1 0.52421875 0.3765625 0.1859375 0.271875
0 0.3375 0.1609375 0.08046875 0.1609375
0 0.4265625 0.1859375 0.0890625 0.14140625
0 0.41484375 0.06015625 0.1640625 0.1203125
3 0.36875 0.3796875 0.16171875 0.3015625
3 0.43125 0.775 0.10703125 0.2671875
1 0.2265625 0.46484375 0.15 0.30078125
1 0.07734375 0.25234375 0.0765625 0.25390625
0 0.15078125 0.86328125 0.06796875 0.12890625
1 0.24453125 0.7375 0.12734375 0.32734375
2 0.51484375 0.16015625 0.15 0.25625
3 0.7984375 0.86796875 0.16171875 0.2125