1 0.83828125 0.146875 0.13515625 0.2796875
2 0.6640625 0.325 0.14921875 0.271875
3 0.68125 0.5015625 0.1328125 0.14140625
0 0.4609375 0.1890625 0.11875 0.18125
3 0.44375 0.4578125 0.21484375 0.3515625
3 0.11953125 0.35 0.1359375 0.24921875
2 0.06015625 0.19609375 0.0515625 0.2796875
0 0.059375 0.66328125 0.053125 0.13046875
3 0.1984375 0.715625 0.11796875 0.17421875
3 0.3359375 0.79453125 0.153125 0.30390625
2 0.4296875 0.7171875 0.17109375 0.25
1 0.2296875 0.9078125 0.14921875 0.184375
2 0.884375 0.94609375 0.0953125 0.10703125
0 0.8015625 0.728125 0.06875 0.15390625
1 0.90625 0.7375 0.11796875 0.30546875
0 0.92265625 0.58515625 0.0265625 0.08984375