0 0.1140625 0.4140625 0.08125 0.1171875
0 0.2125 0.24375 0.0890625 0.1453125
0 0.2125 0.3765625 0.07109375 0.1375
0 0.08359375 0.1796875 0.05859375 0.1
0 0.23125 0.153125 0.09453125 0.128125
0 0.140625 0.04375 0.0625 0.0875
2 0.49453125 0.22109375 0.16328125 0.17734375
2 0.8 0.17421875 0.078125 0.24609375
0 0.56171875 0.246875 0.0734375 0.10078125
0 0.57578125 0.3515625 0.06171875 0.11484375
0 0.7296875 0.5765625 0.08359375 0.14765625
1 0.78203125 0.84375 0.109375 0.2953125
0 0.49921875 0.61953125 0.08515625 0.234375
3 0.29375 0.87890625 0.09375 0.2421875
0 0.30625 0.65703125 0.06484375 0.11328125
2 0.20234375 0.5953125 0.12578125 0.21171875
2 0.7421875 0.05234375 0.065625 0.1046875
3 0.66796875 0.36796875 0.10625 0.209375