2 0.125 0.1765625 0.05625 0.25625
1 0.140625 0.40546875 0.128125 0.2453125
0 0.05625 0.45390625 0.0859375 0.1765625
1 0.13046875 0.528125 0.1375 0.1671875
1 0.23828125 0.87265625 0.1046875 0.25
1 0.3734375 0.88203125 0.1796875 0.2125
1 0.52109375 0.9234375 0.1359375 0.153125
1 0.65390625 0.7234375 0.1734375 0.2375
2 0.86484375 0.2625 0.090625 0.3
2 0.59609375 0.10234375 0.11875 0.2046875
0 0.503125 0.06328125 0.078125 0.109375
0 0.453125 0.03828125 0.0609375 0.075
0 0.67890625 0.05078125 0.08125 0.1
0 0.5984375 0.44140625 0.153125 0.328125