0 0.8359375 0.26953125 0.0890625 0.159375
1 0.78828125 0.15546875 0.1453125 0.1921875
3 0.1046875 0.540625 0.0421875 0.215625
3 0.096875 0.28359375 0.0921875 0.2890625
3 0.15390625 0.37421875 0.0765625 0.296875
1 0.2875 0.36875 0.165625 0.253125
0 0.66875 0.165625 0.06875 0.171875
0 0.65703125 0.9609375 0.09375 0.078125
0 0.35546875 0.8640625 0.075 0.1296875
3 0.31171875 0.784375 0.1265625 0.2703125
3 0.86484375 0.95546875 0.0609375 0.0890625
1 0.2515625 0.0890625 0.115625 0.178125
3 0.3296875 0.05625 0.05625 0.1125
3 0.5703125 0.13828125 0.1390625 0.221875