0 0.0171875 0.41953125 0.034375 0.13984375
0 0.02421875 0.23046875 0.0484375 0.2390625
3 0.0421875 0.06171875 0.0484375 0.1234375
1 0.79921875 0.8796875 0.1734375 0.240625
1 0.67734375 0.69140625 0.10078125 0.3078125
1 0.46484375 0.43984375 0.16875 0.35
0 0.5015625 0.08671875 0.0609375 0.09921875
0 0.25234375 0.053125 0.084375 0.10625
0 0.15390625 0.08203125 0.09765625 0.1640625
0 0.06328125 0.725 0.06328125 0.14921875
0 0.21796875 0.70078125 0.08984375 0.16484375
0 0.4234375 0.684375 0.05859375 0.13125
2 0.6015625 0.178125 0.1421875 0.29921875
3 0.32265625 0.54765625 0.18671875 0.24609375