3 0.73984375 0.68046875 0.15390625 0.1125
0 0.69453125 0.75 0.06484375 0.11015625
1 0.6265625 0.775 0.09140625 0.26875
1 0.4890625 0.3015625 0.25078125 0.38125
2 0.68671875 0.10078125 0.134375 0.2015625
3 0.31171875 0.315625 0.1015625 0.13515625
0 0.2546875 0.2703125 0.08671875 0.1484375
0 0.25625 0.10703125 0.153125 0.2140625
3 0.15 0.0734375 0.0484375 0.146875
2 0.26875 0.48125 0.1328125 0.325
0 0.37421875 0.565625 0.03515625 0.11328125
0 0.3265625 0.746875 0.09140625 0.16484375
0 0.44375 0.6484375 0.075 0.19296875
3 0.80078125 0.503125 0.109375 0.13671875
1 0.64375 0.91640625 0.1875 0.1671875
1 0.87109375 0.94296875 0.1359375 0.1140625
0 0.77734375 0.96015625 0.0671875 0.0796875
2 0.43203125 0.9171875 0.1625 0.16171875
3 0.29921875 0.9421875 0.10859375 0.115625
1 0.42265625 0.43125 0.1484375 0.17109375
3 0.47578125 0.81171875 0.175 0.2375