3 0.796875 0.40234375 0.18984375 0.2734375
1 0.3875 0.6640625 0.13984375 0.22890625
3 0.63359375 0.53515625 0.0703125 0.23359375
0 0.40703125 0.3703125 0.06875 0.16484375
0 0.56796875 0.375 0.0875 0.125
3 0.32734375 0.4984375 0.11640625 0.1078125
3 0.278125 0.30546875 0.15625 0.3140625
3 0.903125 0.68828125 0.0765625 0.178125
3 0.86796875 0.14765625 0.146875 0.196875
0 0.2921875 0.634375 0.059375 0.13984375
3 0.60625 0.9015625 0.1 0.13515625
0 0.33125 0.09140625 0.059375 0.10390625
3 0.409375 0.02265625 0.07734375 0.04453125
0 0.40078125 0.97890625 0.0859375 0.03984375
0 0.94765625 0.01640625 0.04453125 0.03125
2 0.45703125 0.134375 0.115625 0.26875
3 0.6984375 0.48515625 0.0546875 0.14453125
0 0.95703125 0.55859375 0.0328125 0.10703125