1 0.2796875 0.79453125 0.25625 0.4109375
0 0.11171875 0.84765625 0.0640625 0.1
2 0.34140625 0.146875 0.2078125 0.20625
3 0.48828125 0.10703125 0.165625 0.2140625
3 0.48671875 0.2015625 0.1 0.065625
0 0.5375 0.25625 0.0703125 0.10625
2 0.5796875 0.47578125 0.23125 0.340625
0 0.76640625 0.50859375 0.08125 0.14375
1 0.88359375 0.28671875 0.1453125 0.2359375
1 0.8578125 0.13203125 0.15 0.2640625
1 0.7890625 0.084375 0.1375 0.16875
0 0.5625 0.65703125 0.115625 0.159375
0 0.459375 0.9015625 0.046875 0.125
1 0.73046875 0.74140625 0.103125 0.309375
3 0.8578125 0.8453125 0.053125 0.253125
1 0.64453125 0.89140625 0.0890625 0.2171875
1 0.728125 0.94375 0.1 0.1125