1 0.54453125 0.18203125 0.12890625 0.24609375
3 0.41953125 0.4671875 0.18359375 0.221875
1 0.62578125 0.3515625 0.12578125 0.31328125
0 0.1953125 0.65546875 0.05546875 0.11328125
0 0.5140625 0.82734375 0.0671875 0.14609375
3 0.83125 0.05546875 0.103125 0.1109375
0 0.5625 0.84140625 0.08125 0.184375
0 0.06953125 0.91640625 0.05 0.1125
3 0.14375 0.49765625 0.06640625 0.2578125
0 0.7234375 0.896875 0.06171875 0.1765625
0 0.7265625 0.36015625 0.05703125 0.178125
3 0.815625 0.3203125 0.0484375 0.1859375
0 0.49296875 0.7015625 0.090625 0.14921875