2 0.56640625 0.696875 0.21875 0.35
0 0.66015625 0.26171875 0.0828125 0.11171875
0 0.5484375 0.434375 0.08125 0.109375
1 0.8015625 0.5015625 0.13203125 0.28515625
1 0.37578125 0.10390625 0.15390625 0.20234375
2 0.18671875 0.865625 0.12890625 0.25546875
1 0.10234375 0.60625 0.13984375 0.35
0 0.215625 0.6015625 0.08984375 0.13984375
0 0.55625 0.9546875 0.05625 0.090625
1 0.3609375 0.740625 0.16015625 0.23984375
2 0.240625 0.146875 0.1328125 0.19609375
3 0.728125 0.80234375 0.10703125 0.32265625
3 0.90546875 0.871875 0.115625 0.25546875
0 0.6140625 0.46328125 0.053125 0.09609375
3 0.934375 0.20859375 0.05625 0.1078125
0 0.78359375 0.875 0.07890625 0.140625