1 0.2703125 0.26171875 0.1484375 0.32421875
1 0.89296875 0.5328125 0.12578125 0.2609375
1 0.23125 0.8765625 0.10859375 0.246875
1 0.28359375 0.05390625 0.115625 0.10703125
0 0.30703125 0.96328125 0.08984375 0.07265625
0 0.925 0.87421875 0.07890625 0.15546875
0 0.76484375 0.5125 0.04140625 0.0921875
0 0.79140625 0.8640625 0.0609375 0.12890625
3 0.13125 0.33203125 0.16484375 0.24140625
3 0.384375 0.10078125 0.16484375 0.20078125
3 0.425 0.309375 0.084375 0.37421875
2 0.5359375 0.49765625 0.10078125 0.3015625
0 0.82734375 0.365625 0.084375 0.1546875