0 0.70703125 0.909375 0.0546875 0.1328125
0 0.58359375 0.20546875 0.06640625 0.1015625
3 0.61875 0.921875 0.10390625 0.13515625
3 0.6 0.75703125 0.165625 0.18515625
0 0.7140625 0.7703125 0.05703125 0.10078125
0 0.125 0.16796875 0.040625 0.0625
0 0.78984375 0.78828125 0.06328125 0.06953125
3 0.36015625 0.04765625 0.1421875 0.0953125
0 0.3140625 0.5640625 0.0671875 0.16875
2 0.23046875 0.58984375 0.121875 0.25390625
0 0.16875 0.18984375 0.04921875 0.1296875
2 0.25078125 0.12890625 0.12421875 0.16875
3 0.8390625 0.05 0.11328125 0.09375
2 0.67578125 0.19296875 0.1546875 0.31015625
0 0.75703125 0.35390625 0.09296875 0.16484375
0 0.76484375 0.8890625 0.0734375 0.14140625
0 0.834375 0.95625 0.078125 0.0875
3 0.36484375 0.92265625 0.1375 0.1234375
0 0.1359375 0.7109375 0.07265625 0.11953125