1 0.81953125 0.45 0.1421875 0.2640625
1 0.703125 0.87890625 0.121875 0.24140625
0 0.76796875 0.11328125 0.07421875 0.11328125
1 0.38046875 0.84921875 0.1625 0.3
1 0.225 0.10703125 0.13125 0.2140625
0 0.59296875 0.8578125 0.0609375 0.0921875
1 0.70859375 0.41796875 0.1 0.2
3 0.4796875 0.6171875 0.05703125 0.29375
0 0.53203125 0.5234375 0.0578125 0.14453125
3 0.40546875 0.0609375 0.1328125 0.12109375
3 0.921875 0.15390625 0.0734375 0.17734375
2 0.08125 0.8046875 0.121875 0.17265625
3 0.64140625 0.5203125 0.1671875 0.30546875