0 0.42265625 0.2328125 0.06484375 0.153125
0 0.4765625 0.165625 0.04140625 0.06953125
0 0.18515625 0.8875 0.071875 0.14765625
0 0.01484375 0.68671875 0.0296875 0.1453125
0 0.29453125 0.91484375 0.1046875 0.1671875
0 0.41328125 0.9453125 0.0796875 0.109375
0 0.428125 0.7453125 0.08828125 0.1609375
0 0.48203125 0.7953125 0.075 0.1421875
0 0.4828125 0.678125 0.075 0.1
0 0.3921875 0.6078125 0.084375 0.11953125
0 0.5421875 0.5015625 0.07890625 0.18125
0 0.52265625 0.63671875 0.053125 0.08828125
0 0.56484375 0.69296875 0.09375 0.18125
0 0.5859375 0.75234375 0.0703125 0.17734375
0 0.58671875 0.90859375 0.08359375 0.12890625
0 0.67421875 0.9296875 0.0953125 0.1265625
0 0.65 0.82734375 0.10625 0.18125
0 0.6953125 0.815625 0.03515625 0.09140625
0 0.7375 0.87578125 0.05625 0.078125
0 0.61171875 0.578125 0.08515625 0.09296875
0 0.65625 0.64375 0.0734375 0.128125
0 0.6140625 0.471875 0.07265625 0.12578125
0 0.7328125 0.4171875 0.06796875 0.1078125
0 0.26015625 0.81015625 0.0640625 0.09609375
0 0.73515625 0.78203125 0.05 0.1421875