3 0.91796875 0.1703125 0.1421875 0.3109375
2 0.80625 0.1609375 0.128125 0.321875
1 0.83359375 0.4296875 0.134375 0.19140625
3 0.48828125 0.2390625 0.0703125 0.26875
0 0.4265625 0.18046875 0.08828125 0.16015625
3 0.41015625 0.39609375 0.06953125 0.2734375
0 0.20859375 0.58828125 0.084375 0.2734375
0 0.23046875 0.66796875 0.09296875 0.10703125
1 0.71796875 0.4546875 0.11015625 0.2890625
3 0.40234375 0.81796875 0.2125 0.15234375
0 0.90859375 0.49765625 0.06875 0.1296875
3 0.47578125 0.534375 0.06953125 0.29140625