1 0.26171875 0.7453125 0.190625 0.3484375
0 0.1875 0.39609375 0.059375 0.159375
0 0.090625 0.38515625 0.121875 0.2125
0 0.0734375 0.56484375 0.05625 0.128125
0 0.53515625 0.153125 0.05 0.15625
3 0.6296875 0.125 0.165625 0.25
2 0.83359375 0.11953125 0.16875 0.2390625
2 0.82578125 0.40859375 0.146875 0.190625
2 0.80234375 0.58515625 0.171875 0.25
1 0.42578125 0.20078125 0.1765625 0.2625
0 0.63984375 0.80078125 0.09375 0.146875
0 0.2109375 0.078125 0.1265625 0.15625
2 0.209375 0.203125 0.140625 0.19375