3 0.87421875 0.8109375 0.1015625 0.11640625
0 0.94609375 0.6421875 0.05546875 0.14140625
0 0.80703125 0.13046875 0.07890625 0.1359375
0 0.78515625 0.840625 0.06796875 0.14375
1 0.62421875 0.90546875 0.18203125 0.18828125
0 0.49140625 0.46015625 0.1 0.1296875
3 0.6296875 0.41171875 0.071875 0.30078125
0 0.6546875 0.13828125 0.09453125 0.13828125
0 0.7015625 0.1796875 0.06171875 0.09453125
0 0.3046875 0.26171875 0.0671875 0.16484375
0 0.2671875 0.17890625 0.07421875 0.1234375
1 0.12890625 0.446875 0.0671875 0.23828125
0 0.35625 0.86953125 0.09140625 0.15390625
2 0.309375 0.70234375 0.1671875 0.22265625
0 0.20546875 0.64375 0.0765625 0.1109375
0 0.3859375 0.11875 0.0796875 0.1515625
0 0.1171875 0.10859375 0.0390625 0.10390625
1 0.58203125 0.16953125 0.071875 0.27578125
0 0.2796875 0.925 0.0984375 0.15
3 0.85390625 0.66484375 0.0953125 0.1921875