3 0.0734375 0.8046875 0.13359375 0.2484375
0 0.64375 0.92578125 0.0578125 0.1484375
0 0.7625 0.9203125 0.0921875 0.11953125
3 0.91328125 0.70234375 0.11796875 0.096875
3 0.85234375 0.5375 0.0984375 0.28203125
0 0.63359375 0.33671875 0.13125 0.265625
0 0.4828125 0.14296875 0.0765625 0.1140625
2 0.38515625 0.796875 0.10390625 0.1875
0 0.259375 0.515625 0.08828125 0.1375
2 0.37578125 0.12421875 0.1140625 0.24296875
2 0.41484375 0.33671875 0.12421875 0.190625
3 0.89453125 0.9078125 0.11640625 0.18359375