2 0.7859375 0.528125 0.12734375 0.3125
0 0.86875 0.54296875 0.0734375 0.1734375
0 0.08046875 0.8296875 0.0609375 0.15859375
1 0.14375 0.67265625 0.128125 0.290625
0 0.07109375 0.6 0.034375 0.1125
2 0.37265625 0.80390625 0.17109375 0.296875
2 0.70703125 0.32265625 0.08359375 0.2125
1 0.440625 0.36875 0.19453125 0.37734375
2 0.82578125 0.7421875 0.1125 0.1890625
2 0.84609375 0.1328125 0.10625 0.16171875
3 0.7625 0.1 0.12109375 0.18125
3 0.68984375 0.7765625 0.115625 0.21875
3 0.24140625 0.8484375 0.08125 0.18671875
1 0.1390625 0.0984375 0.06875 0.19453125