0 0.8015625 0.525 0.06640625 0.17109375
1 0.5625 0.14609375 0.153125 0.2921875
1 0.44921875 0.18046875 0.1515625 0.29609375
1 0.48984375 0.51015625 0.1546875 0.35078125
3 0.38203125 0.41640625 0.0640625 0.23125
3 0.0921875 0.371875 0.1421875 0.1796875
0 0.12265625 0.70703125 0.08203125 0.14609375
3 0.28203125 0.85390625 0.11796875 0.19765625
0 0.5296875 0.828125 0.0859375 0.15390625
0 0.6234375 0.83515625 0.109375 0.19296875
2 0.5234375 0.9484375 0.15 0.103125
3 0.45390625 0.8984375 0.075 0.1234375
3 0.4171875 0.78125 0.18515625 0.25234375
0 0.71484375 0.59375 0.08203125 0.1125