3 0.49453125 0.23984375 0.1765625 0.2109375
0 0.503125 0.41640625 0.096875 0.15
0 0.6671875 0.7515625 0.06796875 0.11484375
3 0.8328125 0.93515625 0.11484375 0.121875
2 0.46484375 0.934375 0.1234375 0.13125
1 0.15546875 0.04921875 0.1234375 0.0984375
0 0.86015625 0.44375 0.0484375 0.12421875
0 0.76171875 0.021875 0.03828125 0.04296875
0 0.3984375 0.55078125 0.08359375 0.134375
0 0.0640625 0.91640625 0.078125 0.09375
2 0.903125 0.51484375 0.05390625 0.19140625
0 0.88828125 0.70625 0.06640625 0.14765625
0 0.61484375 0.5921875 0.0703125 0.16015625
0 0.7828125 0.59609375 0.078125 0.11953125