1 0.73125 0.45390625 0.18125 0.35234375
1 0.315625 0.54140625 0.1734375 0.26171875
1 0.5796875 0.68203125 0.15859375 0.33125
1 0.55546875 0.2953125 0.17578125 0.16875
1 0.24609375 0.19296875 0.15390625 0.29296875
0 0.41875 0.6953125 0.09296875 0.1546875
0 0.83828125 0.61875 0.0703125 0.1140625
0 0.42578125 0.325 0.05859375 0.1015625
0 0.64921875 0.11484375 0.16953125 0.2265625
0 0.1578125 0.178125 0.0796875 0.125
0 0.03671875 0.6546875 0.04609375 0.13046875
2 0.125 0.5765625 0.0796875 0.28046875
0 0.81171875 0.06484375 0.08125 0.12578125
0 0.128125 0.91171875 0.08046875 0.165625
0 0.19140625 0.6859375 0.071875 0.1390625
0 0.83984375 0.93828125 0.0828125 0.10078125
3 0.834375 0.71328125 0.1234375 0.13125
3 0.33984375 0.13359375 0.05 0.24375
3 0.153125 0.33359375 0.10390625 0.24375