1 0.26640625 0.70390625 0.178125 0.321875
0 0.084375 0.4875 0.0890625 0.190625
0 0.2375 0.1890625 0.0671875 0.1546875
0 0.32265625 0.05859375 0.06875 0.1171875
1 0.5328125 0.15234375 0.1703125 0.2
0 0.47265625 0.0515625 0.096875 0.103125
2 0.6453125 0.2375 0.153125 0.2765625
1 0.63125 0.04609375 0.09375 0.0921875
3 0.7984375 0.303125 0.10625 0.103125
2 0.79296875 0.73203125 0.14375 0.2328125
2 0.7125 0.890625 0.1515625 0.21875
2 0.609375 0.55390625 0.196875 0.203125
0 0.10703125 0.97890625 0.0515625 0.040625
3 0.04140625 0.93828125 0.0515625 0.1234375