0 0.29609375 0.66484375 0.096875 0.1703125
3 0.3234375 0.509375 0.08515625 0.2734375
3 0.575 0.10078125 0.0796875 0.19765625
0 0.8640625 0.92890625 0.07734375 0.13359375
1 0.65 0.303125 0.19140625 0.3140625
1 0.72734375 0.69140625 0.1875 0.1625
1 0.4765625 0.503125 0.1484375 0.32890625
3 0.57734375 0.46484375 0.16953125 0.24453125
0 0.32265625 0.275 0.08046875 0.121875
0 0.90234375 0.18671875 0.04375 0.09453125
0 0.61953125 0.62421875 0.04921875 0.06953125
0 0.7734375 0.403125 0.075 0.1125
0 0.6859375 0.56328125 0.04921875 0.08203125
1 0.7140625 0.22109375 0.08984375 0.35703125
3 0.4875 0.16796875 0.1015625 0.14921875