0 0.609375 0.63125 0.0796875 0.11328125
0 0.53671875 0.19375 0.07421875 0.16484375
0 0.9078125 0.10390625 0.0625 0.13984375
1 0.67109375 0.0953125 0.19140625 0.190625
0 0.215625 0.9484375 0.06640625 0.103125
3 0.809375 0.74921875 0.13828125 0.1609375
3 0.39375 0.19375 0.14453125 0.16796875
2 0.371875 0.44765625 0.13125 0.321875
0 0.6453125 0.51796875 0.08671875 0.12109375
3 0.1109375 0.7140625 0.0984375 0.2765625
3 0.309375 0.31171875 0.10546875 0.3171875
3 0.521875 0.43515625 0.16796875 0.31328125
0 0.57734375 0.8890625 0.14609375 0.22109375
0 0.959375 0.14296875 0.07421875 0.1828125
1 0.7703125 0.3625 0.17265625 0.37265625
3 0.63046875 0.24375 0.0859375 0.14296875
3 0.34296875 0.059375 0.06171875 0.11875
3 0.19375 0.15 0.1375 0.278125
2 0.43125 0.22890625 0.0890625 0.09921875