1 0.38203125 0.63046875 0.184375 0.328125
1 0.21875 0.51796875 0.13359375 0.36796875
3 0.684375 0.14921875 0.09140625 0.290625
3 0.84453125 0.48359375 0.08984375 0.259375
1 0.8078125 0.06796875 0.128125 0.1359375
0 0.3375 0.17890625 0.075 0.08828125
1 0.5546875 0.909375 0.159375 0.18125
2 0.70625 0.95859375 0.171875 0.08046875
0 0.10703125 0.23828125 0.05 0.12578125
0 0.5453125 0.15625 0.0796875 0.140625
0 0.43671875 0.8625 0.04140625 0.10390625
0 0.31171875 0.7703125 0.0640625 0.1296875
2 0.12890625 0.09296875 0.07421875 0.18515625
2 0.32265625 0.31328125 0.125 0.2140625
3 0.446875 0.4296875 0.14375 0.16015625
3 0.45625 0.13515625 0.1015625 0.2359375
3 0.76953125 0.284375 0.11484375 0.1859375
3 0.8765625 0.20234375 0.09765625 0.165625