0 0.28828125 0.1171875 0.0953125 0.12265625
1 0.37265625 0.22265625 0.15859375 0.31640625
2 0.49296875 0.2484375 0.10859375 0.32734375
3 0.60390625 0.16015625 0.12421875 0.1546875
1 0.69609375 0.32109375 0.12109375 0.259375
1 0.9078125 0.32265625 0.13828125 0.24453125
0 0.79140625 0.48671875 0.0828125 0.1125
0 0.83671875 0.721875 0.06171875 0.09453125
0 0.77890625 0.80078125 0.04609375 0.09765625
1 0.69609375 0.8078125 0.10078125 0.25078125
1 0.58515625 0.63515625 0.209375 0.328125
0 0.171875 0.946875 0.0671875 0.10078125
3 0.70703125 0.16015625 0.05859375 0.2