1 0.1453125 0.18046875 0.1234375 0.32734375
0 0.61015625 0.35234375 0.10234375 0.20546875
3 0.1046875 0.3921875 0.11484375 0.14375
0 0.6953125 0.403125 0.07578125 0.121875
3 0.675 0.92890625 0.1 0.14140625
0 0.8390625 0.4609375 0.059375 0.10859375
3 0.16875 0.859375 0.08203125 0.12890625
3 0.8015625 0.54765625 0.12421875 0.28359375
0 0.2140625 0.971875 0.1078125 0.05546875
0 0.83671875 0.75390625 0.05859375 0.09296875
0 0.10625 0.5953125 0.08046875 0.1234375
0 0.79453125 0.8328125 0.0859375 0.1546875