0 0.890625 0.2078125 0.046875 0.11875
1 0.93046875 0.69609375 0.1078125 0.23515625
0 0.0765625 0.8890625 0.0421875 0.0671875
2 0.2484375 0.89375 0.1734375 0.2125
3 0.3171875 0.796875 0.11875 0.1890625
0 0.2640625 0.78046875 0.0546875 0.09921875
2 0.34453125 0.60390625 0.14921875 0.30859375
1 0.503125 0.5671875 0.19375 0.23671875
1 0.63984375 0.5796875 0.11484375 0.25546875
1 0.628125 0.21171875 0.17265625 0.28125
0 0.3515625 0.35390625 0.09453125 0.12578125
3 0.190625 0.18671875 0.10234375 0.184375
0 0.1703125 0.02734375 0.04375 0.0546875
1 0.52421875 0.13359375 0.1578125 0.14765625
0 0.490625 0.19375 0.065625 0.04765625
0 0.5390625 0.98359375 0.04453125 0.0328125
2 0.2515625 0.41171875 0.09453125 0.3109375