1 0.81953125 0.4984375 0.15 0.31015625
0 0.15625 0.64609375 0.0875 0.1625
3 0.190625 0.70390625 0.103125 0.2359375
3 0.5921875 0.80625 0.15078125 0.1390625
1 0.35859375 0.12421875 0.1203125 0.21015625
0 0.73515625 0.43984375 0.065625 0.13359375
0 0.7640625 0.86171875 0.1 0.17578125
0 0.45546875 0.8984375 0.078125 0.1890625
0 0.88125 0.92109375 0.084375 0.1578125
0 0.89140625 0.18359375 0.084375 0.13515625
0 0.23984375 0.79375 0.0765625 0.215625
3 0.58359375 0.62890625 0.19140625 0.23359375
0 0.85546875 0.75234375 0.07265625 0.12421875