1 0.66875 0.41015625 0.1390625 0.3359375
1 0.1140625 0.546875 0.11640625 0.25
1 0.51171875 0.840625 0.18203125 0.253125
1 0.8171875 0.89375 0.13125 0.2125
0 0.753125 0.0640625 0.08984375 0.12578125
1 0.5609375 0.19296875 0.13515625 0.17578125
0 0.7203125 0.73046875 0.06484375 0.1609375
0 0.3140625 0.73515625 0.06171875 0.11171875
0 0.31484375 0.83046875 0.0703125 0.1328125
0 0.4125 0.05546875 0.07265625 0.11015625
2 0.1859375 0.671875 0.128125 0.19140625
3 0.89453125 0.10546875 0.08125 0.2078125
3 0.68671875 0.140625 0.11796875 0.2125
3 0.5125 0.33984375 0.1359375 0.2953125
0 0.31484375 0.06953125 0.08359375 0.1359375