1 0.6578125 0.55546875 0.184375 0.28984375
1 0.5234375 0.53984375 0.12578125 0.1984375
1 0.54375 0.2203125 0.1484375 0.3125
2 0.76015625 0.1015625 0.11640625 0.184375
1 0.2234375 0.91328125 0.153125 0.1734375
0 0.31484375 0.67421875 0.08125 0.1390625
0 0.115625 0.79609375 0.0671875 0.1546875
0 0.17265625 0.64140625 0.0453125 0.15859375
2 0.371875 0.45625 0.140625 0.171875
3 0.2828125 0.78828125 0.07890625 0.134375
2 0.70546875 0.32265625 0.19296875 0.3671875
3 0.93828125 0.29140625 0.05859375 0.17109375