3 0.940625 0.87109375 0.053125 0.1796875
1 0.8828125 0.19140625 0.1046875 0.2671875
1 0.5921875 0.0984375 0.121875 0.196875
0 0.5546875 0.17421875 0.0921875 0.146875
0 0.3859375 0.40234375 0.0734375 0.1171875
0 0.29921875 0.0578125 0.0875 0.115625
1 0.11796875 0.3703125 0.128125 0.2640625
0 0.15859375 0.5515625 0.103125 0.2
0 0.33046875 0.49609375 0.040625 0.0671875
1 0.11171875 0.71171875 0.11875 0.29375
3 0.46015625 0.8171875 0.1203125 0.1734375
1 0.4515625 0.91640625 0.1796875 0.1671875
1 0.22421875 0.2671875 0.0625 0.15625
1 0.60703125 0.50625 0.0546875 0.1671875