1 0.45078125 0.5875 0.1734375 0.3453125
2 0.2375 0.30234375 0.10078125 0.23203125
3 0.32734375 0.09453125 0.146875 0.115625
0 0.23203125 0.475 0.06171875 0.14765625
0 0.3421875 0.44140625 0.06171875 0.14453125
0 0.29609375 0.67578125 0.07265625 0.12578125
2 0.859375 0.8453125 0.1125 0.309375
0 0.940625 0.52109375 0.05546875 0.1015625
0 0.94921875 0.31796875 0.04921875 0.14765625
0 0.78359375 0.8984375 0.0625 0.09453125
1 0.5640625 0.93828125 0.1796875 0.1171875
1 0.38671875 0.85390625 0.1828125 0.2109375