1 0.065625 0.4890625 0.13125 0.25625
1 0.8484375 0.57890625 0.265625 0.1828125
0 0.18984375 0.709375 0.134375 0.10625
0 0.2546875 0.76796875 0.115625 0.08125
0 0.446875 0.7796875 0.146875 0.084375
0 0.10625 0.24296875 0.153125 0.08125
0 0.56171875 0.2984375 0.178125 0.084375
3 0.94765625 0.6625 0.1046875 0.15
3 0.37734375 0.09609375 0.19375 0.0625
1 0.6734375 0.415625 0.2625 0.19375
2 0.70234375 0.7515625 0.2875 0.1375
2 0.79921875 0.72265625 0.259375 0.121875
1 0.74609375 0.23125 0.34375 0.184375