0 0.6859375 0.15078125 0.084375 0.1984375
0 0.7921875 0.23046875 0.0625 0.128125
0 0.521875 0.065625 0.059375 0.11953125
0 0.3734375 0.12109375 0.08515625 0.1546875
0 0.45859375 0.31015625 0.0828125 0.1640625
0 0.45234375 0.42109375 0.06640625 0.11328125
0 0.4625 0.56953125 0.10546875 0.13671875
0 0.45078125 0.6515625 0.0921875 0.15703125
0 0.69375 0.825 0.0796875 0.0953125
3 0.678125 0.93125 0.0703125 0.1375
0 0.26015625 0.62109375 0.08828125 0.128125
3 0.23046875 0.33671875 0.10390625 0.1453125
0 0.42890625 0.83984375 0.06171875 0.16015625
0 0.87265625 0.40859375 0.04140625 0.09375
0 0.384375 0.70390625 0.09765625 0.19296875
3 0.5265625 0.46953125 0.1 0.17265625