3 0.73984375 0.31953125 0.153125 0.1125
0 0.69453125 0.25 0.065625 0.109375
1 0.6265625 0.225 0.090625 0.26875
1 0.4890625 0.6984375 0.25 0.38125
2 0.68671875 0.89921875 0.134375 0.2015625
3 0.31171875 0.684375 0.1015625 0.134375
0 0.2546875 0.7296875 0.0875 0.1484375
0 0.25625 0.89296875 0.153125 0.2140625
3 0.15 0.9265625 0.0484375 0.146875
2 0.26875 0.51875 0.1328125 0.325
0 0.37421875 0.434375 0.034375 0.1125
0 0.3265625 0.253125 0.090625 0.165625
0 0.44375 0.3515625 0.075 0.19375
3 0.80078125 0.496875 0.109375 0.1375
1 0.64375 0.08359375 0.1875 0.1671875
1 0.87109375 0.05703125 0.1359375 0.1140625
0 0.77734375 0.03984375 0.0671875 0.0796875
2 0.43203125 0.0828125 0.1625 0.1625
3 0.29921875 0.0578125 0.109375 0.115625
1 0.42265625 0.56875 0.1484375 0.171875
3 0.47578125 0.18828125 0.175 0.2375