0 0.13359375 0.4 0.07578125 0.1140625
0 0.40703125 0.83359375 0.0546875 0.10546875
0 0.6625 0.42421875 0.059375 0.13828125
0 0.31640625 0.7765625 0.0640625 0.15078125
0 0.1453125 0.6 0.04921875 0.15
0 0.27109375 0.2109375 0.05234375 0.140625
0 0.265625 0.753125 0.08125 0.215625
0 0.13515625 0.55390625 0.0328125 0.06796875
0 0.19609375 0.41640625 0.040625 0.1015625
0 0.18203125 0.46640625 0.05625 0.09453125
0 0.8234375 0.5171875 0.0734375 0.1640625
0 0.73359375 0.62890625 0.06484375 0.1234375
0 0.803125 0.65078125 0.08046875 0.103125
0 0.68984375 0.13515625 0.078125 0.11171875
0 0.13125 0.11171875 0.09609375 0.2234375
0 0.3515625 0.10078125 0.06953125 0.11796875
0 0.3046875 0.19765625 0.06484375 0.1171875
0 0.13671875 0.32890625 0.078125 0.09296875
0 0.2921875 0.36015625 0.078125 0.13828125
0 0.371875 0.23359375 0.109375 0.17578125
0 0.4234375 0.178125 0.084375 0.12109375
0 0.5671875 0.12421875 0.153125 0.2484375
0 0.6234375 0.225 0.03671875 0.11796875
0 0.52890625 0.284375 0.05234375 0.07890625
0 0.39375 0.36328125 0.04375 0.09453125
0 0.41015625 0.30390625 0.0328125 0.065625
0 0.50234375 0.42109375 0.0546875 0.084375
0 0.578125 0.36015625 0.075 0.12578125
0 0.60703125 0.46484375 0.103125 0.14140625
0 0.62890625 0.61015625 0.08515625 0.16953125
0 0.584375 0.71875 0.059375 0.11953125
0 0.5578125 0.64296875 0.07734375 0.1453125
0 0.58046875 0.59375 0.05859375 0.08515625
3 0.4625 0.9203125 0.1390625 0.11171875
0 0.525 0.74296875 0.0640625 0.1140625
0 0.1703125 0.8 0.05 0.090625
0 0.19375 0.734375 0.03359375 0.06796875
0 0.29609375 0.5953125 0.0609375 0.16796875
0 0.346875 0.44609375 0.121875 0.1421875
0 0.3515625 0.709375 0.06484375 0.20546875
0 0.4546875 0.6921875 0.0375 0.090625