1 0.8734375 0.82265625 0.18125 0.2703125
2 0.65 0.74140625 0.1265625 0.321875
1 0.55703125 0.77109375 0.1984375 0.28125
1 0.490625 0.31328125 0.16875 0.215625
0 0.35625 0.11875 0.103125 0.18125
0 0.2515625 0.90546875 0.071875 0.125
0 0.715625 0.1078125 0.084375 0.121875
0 0.8265625 0.09140625 0.05 0.178125
1 0.37890625 0.42421875 0.0796875 0.234375
0 0.5 0.53671875 0.1 0.153125
0 0.26796875 0.6703125 0.0703125 0.121875
3 0.2828125 0.4796875 0.071875 0.234375
1 0.184375 0.696875 0.1265625 0.2296875
0 0.32578125 0.521875 0.109375 0.1640625
1 0.9203125 0.0625 0.125 0.125
0 0.54453125 0.1265625 0.0875 0.075
1 0.86328125 0.9359375 0.1453125 0.1265625