2 0.73515625 0.63125 0.26484375 0.52421875
2 0.56171875 0.8390625 0.14140625 0.32109375
1 0.4875 0.66484375 0.1609375 0.2578125
1 0.15703125 0.8421875 0.140625 0.25234375
1 0.20234375 0.45078125 0.23046875 0.41953125
3 0.284375 0.63671875 0.05625 0.25078125
1 0.625 0.36640625 0.17734375 0.28984375
1 0.815625 0.1265625 0.13515625 0.253125
1 0.71328125 0.1625 0.165625 0.2515625
3 0.57265625 0.15 0.1640625 0.29453125
3 0.41640625 0.13828125 0.0828125 0.23359375
1 0.4109375 0.325 0.09375 0.29453125
0 0.21484375 0.23984375 0.06015625 0.0734375
1 0.521875 0.0703125 0.10859375 0.13984375