3 0.2046875 0.21171875 0.16484375 0.23828125
0 0.44921875 0.325 0.04921875 0.09765625
0 0.78359375 0.52734375 0.06953125 0.11640625
0 0.69140625 0.209375 0.09375 0.1265625
0 0.7078125 0.32890625 0.0671875 0.16171875
3 0.3546875 0.78984375 0.13359375 0.33984375
3 0.10703125 0.3265625 0.11015625 0.1953125
0 0.39296875 0.32421875 0.09765625 0.20390625
3 0.75625 0.79921875 0.14765625 0.1859375
3 0.5578125 0.51640625 0.20390625 0.32734375
0 0.86875 0.0296875 0.05234375 0.059375
3 0.3484375 0.12421875 0.175 0.16484375
3 0.0984375 0.909375 0.0953125 0.18125