1 0.2703125 0.73828125 0.1484375 0.32421875
1 0.89296875 0.4671875 0.12578125 0.2609375
1 0.23125 0.1234375 0.10859375 0.246875
1 0.28359375 0.94609375 0.115625 0.10703125
0 0.30703125 0.03671875 0.08984375 0.07265625
0 0.925 0.12578125 0.07890625 0.15546875
0 0.76484375 0.4875 0.04140625 0.0921875
0 0.79140625 0.1359375 0.0609375 0.12890625
3 0.13125 0.66796875 0.16484375 0.24140625
3 0.384375 0.89921875 0.16484375 0.20078125
3 0.425 0.690625 0.084375 0.37421875
2 0.5359375 0.50234375 0.10078125 0.3015625
0 0.82734375 0.634375 0.084375 0.1546875