1 0.65390625 0.4296875 0.15546875 0.25859375
1 0.35078125 0.5453125 0.19609375 0.2578125
0 0.375 0.409375 0.05546875 0.075
3 0.61796875 0.85234375 0.14140625 0.2203125
0 0.50859375 0.69609375 0.1 0.178125
2 0.83046875 0.11015625 0.06484375 0.17421875
2 0.83984375 0.41328125 0.12109375 0.28984375
3 0.41640625 0.0578125 0.08046875 0.115625
0 0.9046875 0.18828125 0.07421875 0.1390625
0 0.2203125 0.59921875 0.06875 0.15546875
0 0.23046875 0.38359375 0.05859375 0.14296875
3 0.021875 0.1703125 0.04296875 0.21875
0 0.03984375 0.03203125 0.0375 0.0640625
0 0.52265625 0.08203125 0.09453125 0.1640625
0 0.8421875 0.7453125 0.05859375 0.090625
0 0.5515625 0.646875 0.059375 0.13203125