3 0.12578125 0.8109375 0.1015625 0.11640625
0 0.05390625 0.6421875 0.05546875 0.14140625
0 0.19296875 0.13046875 0.07890625 0.1359375
0 0.21484375 0.840625 0.06796875 0.14375
1 0.37578125 0.90546875 0.18203125 0.18828125
0 0.50859375 0.46015625 0.1 0.1296875
3 0.3703125 0.41171875 0.071875 0.30078125
0 0.3453125 0.13828125 0.09453125 0.13828125
0 0.2984375 0.1796875 0.06171875 0.09453125
0 0.6953125 0.26171875 0.0671875 0.16484375
0 0.7328125 0.17890625 0.07421875 0.1234375
1 0.87109375 0.446875 0.0671875 0.23828125
0 0.64375 0.86953125 0.09140625 0.15390625
2 0.690625 0.70234375 0.1671875 0.22265625
0 0.79453125 0.64375 0.0765625 0.1109375
0 0.6140625 0.11875 0.0796875 0.1515625
0 0.8828125 0.10859375 0.0390625 0.10390625
1 0.41796875 0.16953125 0.071875 0.27578125
0 0.7203125 0.925 0.0984375 0.15
3 0.14609375 0.66484375 0.0953125 0.1921875