3 0.2984375 0.171875 0.1515625 0.1859375
0 0.3765625 0.05546875 0.071875 0.1109375
0 0.434375 0.071875 0.078125 0.14375
2 0.57109375 0.1265625 0.078125 0.253125
0 0.4828125 0.4765625 0.0515625 0.1390625
0 0.478125 0.60859375 0.090625 0.128125
1 0.5640625 0.40234375 0.153125 0.3140625
0 0.6875 0.6234375 0.06875 0.1015625
0 0.81875 0.7875 0.059375 0.146875
2 0.825 0.19609375 0.075 0.25
0 0.925 0.21953125 0.046875 0.1484375
2 0.05390625 0.5234375 0.0703125 0.2875
0 0.49609375 0.153125 0.1296875 0.175