1 0.7859375 0.21171875 0.13515625 0.3125
2 0.84921875 0.5859375 0.1078125 0.2578125
1 0.7234375 0.9140625 0.14765625 0.17109375
0 0.4546875 0.2 0.0859375 0.1421875
3 0.2234375 0.88125 0.17578125 0.19765625
0 0.6203125 0.55859375 0.09453125 0.17109375
3 0.69453125 0.6 0.0734375 0.27890625
3 0.40703125 0.3390625 0.12578125 0.30078125
0 0.09296875 0.796875 0.05234375 0.159375
0 0.2796875 0.65078125 0.075 0.10859375
0 0.60546875 0.80546875 0.175 0.29140625
0 0.40859375 0.53984375 0.07109375 0.1109375
0 0.675 0.03359375 0.07734375 0.06640625
0 0.884375 0.840625 0.0734375 0.15234375
0 0.57578125 0.325 0.0796875 0.125
0 0.68984375 0.35859375 0.0640625 0.15234375