0 0.65625 0.58046875 0.10546875 0.1921875
0 0.621875 0.96484375 0.0671875 0.0703125
1 0.46015625 0.89453125 0.2171875 0.2109375
3 0.17890625 0.37578125 0.11875 0.171875
1 0.39921875 0.49453125 0.17890625 0.21640625
0 0.68984375 0.2859375 0.0625 0.11328125
0 0.4796875 0.253125 0.1078125 0.1515625
1 0.175 0.0890625 0.1140625 0.178125
3 0.22421875 0.95546875 0.078125 0.0875
3 0.7578125 0.4203125 0.10078125 0.17890625
3 0.6265625 0.12109375 0.1265625 0.17890625
3 0.43671875 0.165625 0.159375 0.13515625