1 0.65078125 0.41796875 0.1765625 0.26484375
1 0.11328125 0.34375 0.17109375 0.265625
1 0.22734375 0.884375 0.11953125 0.22890625
0 0.2328125 0.46953125 0.06796875 0.15703125
0 0.3046875 0.83671875 0.09453125 0.1765625
0 0.18828125 0.13515625 0.0671875 0.16875
0 0.61875 0.74375 0.09296875 0.14296875
0 0.15703125 0.44921875 0.053125 0.13671875
0 0.3765625 0.3234375 0.1015625 0.17109375
1 0.51640625 0.615625 0.165625 0.2234375
0 0.83125 0.70546875 0.07421875 0.1453125
0 0.67890625 0.2734375 0.053125 0.0640625
0 0.21875 0.328125 0.08359375 0.140625
0 0.4671875 0.33359375 0.0828125 0.13359375
0 0.93359375 0.84453125 0.075 0.14921875