1 0.88203125 0.72734375 0.23125 0.159375
3 0.59296875 0.66328125 0.40625 0.21875
0 0.6078125 0.7515625 0.171875 0.0734375
0 0.68125 0.50078125 0.16875 0.059375
3 0.95234375 0.2 0.0953125 0.128125
2 0.634375 0.37734375 0.23125 0.08125
0 0.246875 0.6125 0.153125 0.065625
2 0.3828125 0.5875 0.1796875 0.1
0 0.265625 0.48671875 0.159375 0.0734375
0 0.2140625 0.36875 0.1671875 0.08125
1 0.42734375 0.16875 0.196875 0.128125
0 0.4890625 0.24765625 0.159375 0.078125
0 0.6203125 0.46015625 0.11875 0.0875
1 0.20234375 0.11875 0.2828125 0.11875
0 0.04921875 0.37578125 0.096875 0.084375