0 0.05390625 0.821875 0.05546875 0.0953125
0 0.25390625 0.69296875 0.1328125 0.24609375
0 0.303125 0.7890625 0.065625 0.11875
3 0.6484375 0.91796875 0.090625 0.16328125
2 0.821875 0.93046875 0.075 0.1390625
1 0.75625 0.54140625 0.15703125 0.23984375
1 0.3734375 0.4734375 0.16640625 0.29765625
0 0.3 0.3421875 0.0484375 0.1015625
3 0.221875 0.2484375 0.11171875 0.23125
0 0.4609375 0.196875 0.0859375 0.14296875
0 0.98203125 0.5875 0.0359375 0.146875
0 0.97578125 0.76328125 0.046875 0.20859375
3 0.9578125 0.93828125 0.0484375 0.12265625