0 0.69140625 0.1703125 0.20625 0.090625
2 0.6953125 0.09609375 0.184375 0.0640625
0 0.5875 0.2671875 0.196875 0.0703125
3 0.62578125 0.384375 0.10625 0.0546875
1 0.41484375 0.4109375 0.159375 0.2125
2 0.31640625 0.26015625 0.221875 0.0859375
2 0.1484375 0.465625 0.2421875 0.175
3 0.34609375 0.1296875 0.3125 0.096875
2 0.4125 0.0421875 0.128125 0.08125
0 0.1875 0.33125 0.178125 0.1
3 0.76796875 0.5875 0.2015625 0.18125
1 0.3203125 0.7265625 0.2421875 0.121875
0 0.3203125 0.91171875 0.10625 0.0546875
0 0.07265625 0.78125 0.14375 0.1265625
0 0.08046875 0.5546875 0.103125 0.0890625
1 0.5484375 0.45859375 0.128125 0.1