2 0.41484375 0.59765625 0.1875 0.25234375
0 0.6046875 0.46875 0.05703125 0.11015625
0 0.7296875 0.87578125 0.046875 0.08671875
1 0.5015625 0.9390625 0.15078125 0.12109375
1 0.8171875 0.34765625 0.15625 0.32890625
0 0.23359375 0.8265625 0.06484375 0.0953125
0 0.69375 0.7703125 0.0703125 0.10625
0 0.28515625 0.09921875 0.03828125 0.0828125
1 0.10546875 0.29921875 0.08125 0.171875
1 0.56484375 0.16953125 0.15390625 0.3046875
1 0.41640625 0.090625 0.13984375 0.18125
0 0.71015625 0.56953125 0.08671875 0.13828125
0 0.3046875 0.22265625 0.0828125 0.11640625
0 0.15234375 0.13125 0.05390625 0.06875
0 0.22421875 0.075 0.034375 0.0828125
3 0.35546875 0.11171875 0.11640625 0.09609375
0 0.86484375 0.025 0.053125 0.05
0 0.88359375 0.13359375 0.0578125 0.128125
0 0.47890625 0.32109375 0.08359375 0.16640625
2 0.6234375 0.88515625 0.2 0.2296875
3 0.196875 0.34296875 0.11953125 0.3375