3 0.0140625 0.95078125 0.0171875 0.0984375
3 0.16796875 0.74140625 0.109375 0.165625
3 0.34453125 0.8078125 0.1859375 0.2453125
2 0.375 0.58125 0.134375 0.29375
2 0.17734375 0.46796875 0.109375 0.2703125
0 0.56171875 0.09765625 0.0640625 0.1953125
0 0.5125 0.05625 0.06875 0.1125
2 0.83828125 0.11015625 0.1296875 0.2203125
1 0.7328125 0.77734375 0.153125 0.303125
1 0.78984375 0.959375 0.1421875 0.08125
1 0.8546875 0.90625 0.096875 0.1734375
0 0.465625 0.93828125 0.06875 0.1234375
2 0.92265625 0.07421875 0.084375 0.1484375
3 0.2390625 0.4828125 0.059375 0.165625