1 0.41640625 0.9078125 0.1421875 0.1796875
3 0.6203125 0.79140625 0.09765625 0.2796875
3 0.85390625 0.91875 0.12578125 0.09765625
3 0.25859375 0.04609375 0.11015625 0.09140625
3 0.634375 0.51875 0.21328125 0.275
0 0.6484375 0.359375 0.09375 0.1203125
0 0.3046875 0.60703125 0.0609375 0.13125
3 0.725 0.5765625 0.134375 0.35078125
3 0.746875 0.0453125 0.17421875 0.08984375
0 0.54375 0.83203125 0.06875 0.16640625
3 0.97734375 0.8296875 0.04453125 0.21953125
0 0.34765625 0.83203125 0.09296875 0.17578125