0 0.39765625 0.178125 0.06171875 0.12578125
0 0.30078125 0.10625 0.07734375 0.16015625
0 0.184375 0.11953125 0.06015625 0.13203125
0 0.08359375 0.09375 0.03984375 0.12578125
0 0.06328125 0.046875 0.0453125 0.09296875
0 0.13515625 0.10234375 0.03671875 0.059375
0 0.125 0.14921875 0.04140625 0.09296875
0 0.096875 0.2578125 0.05703125 0.16328125
0 0.16640625 0.21875 0.0421875 0.16171875
0 0.19296875 0.28984375 0.0625 0.14375
0 0.0609375 0.34140625 0.05 0.13359375
0 0.11640625 0.38828125 0.06171875 0.0984375
0 0.20703125 0.17421875 0.04296875 0.08125
0 0.1984375 0.03125 0.075 0.0625