2 0.2546875 0.84375 0.11328125 0.30078125
1 0.11953125 0.86484375 0.15390625 0.2171875
0 0.10859375 0.7328125 0.0671875 0.075
0 0.5421875 0.871875 0.115625 0.25625
1 0.65625 0.85 0.1953125 0.3
0 0.92421875 0.57890625 0.06875 0.14609375
2 0.39921875 0.50546875 0.2125 0.3046875
0 0.6046875 0.2375 0.11171875 0.18515625
0 0.54296875 0.10078125 0.07578125 0.16953125
0 0.771875 0.39140625 0.0859375 0.13984375
0 0.83671875 0.4125 0.1046875 0.253125
1 0.7140625 0.4984375 0.14140625 0.2921875
0 0.4203125 0.790625 0.0703125 0.12265625
0 0.096875 0.32265625 0.046875 0.1453125