1 0.2328125 0.16953125 0.17578125 0.30234375
3 0.3359375 0.7421875 0.13828125 0.12109375
0 0.0875 0.56875 0.0796875 0.16171875
0 0.66640625 0.16875 0.09140625 0.11796875
0 0.84375 0.7296875 0.07421875 0.1609375
3 0.340625 0.2125 0.06640625 0.271875
0 0.49375 0.15625 0.09296875 0.14375
1 0.3625 0.9046875 0.1015625 0.15
0 0.6875 0.0578125 0.0671875 0.10859375
3 0.4 0.15703125 0.08359375 0.28359375
0 0.35390625 0.56328125 0.084375 0.10625
3 0.9765625 0.15703125 0.04453125 0.2265625
2 0.44453125 0.83984375 0.1046875 0.11796875
1 0.246875 0.4921875 0.12734375 0.35625
0 0.34921875 0.071875 0.0734375 0.14296875