1 0.35 0.28515625 0.1359375 0.28046875
1 0.65 0.62734375 0.1671875 0.24375
1 0.38359375 0.084375 0.2046875 0.16796875
1 0.125 0.54921875 0.13828125 0.24375
1 0.11171875 0.41015625 0.15078125 0.18046875
0 0.1875 0.10703125 0.06015625 0.12109375
1 0.5578125 0.11953125 0.11640625 0.2328125
1 0.25390625 0.91953125 0.09453125 0.16015625
0 0.20234375 0.54453125 0.05 0.10078125
0 0.50234375 0.18359375 0.07734375 0.159375
0 0.75234375 0.225 0.08828125 0.15546875
1 0.51171875 0.91171875 0.1453125 0.1765625
0 0.75859375 0.9671875 0.0609375 0.06484375