1 0.4890625 0.065625 0.25625 0.13046875
1 0.57890625 0.8484375 0.18203125 0.265625
0 0.709375 0.18984375 0.10625 0.13359375
0 0.76796875 0.2546875 0.08125 0.11484375
0 0.7796875 0.446875 0.08359375 0.146875
0 0.24296875 0.10625 0.08125 0.15234375
0 0.2984375 0.56171875 0.08515625 0.17890625
3 0.6625 0.94765625 0.15 0.1046875
3 0.09609375 0.37734375 0.0625 0.19296875
1 0.415625 0.6734375 0.19375 0.26328125
2 0.7515625 0.70234375 0.1375 0.2875
2 0.72265625 0.79921875 0.121875 0.26015625
1 0.23125 0.74609375 0.18515625 0.34375