2 0.58515625 0.59765625 0.1875 0.25234375
0 0.3953125 0.46875 0.05703125 0.11015625
0 0.2703125 0.87578125 0.046875 0.08671875
1 0.4984375 0.9390625 0.15078125 0.12109375
1 0.1828125 0.34765625 0.15625 0.32890625
0 0.76640625 0.8265625 0.06484375 0.0953125
0 0.30625 0.7703125 0.0703125 0.10625
0 0.71484375 0.09921875 0.03828125 0.0828125
1 0.89453125 0.29921875 0.08125 0.171875
1 0.43515625 0.16953125 0.15390625 0.3046875
1 0.58359375 0.090625 0.13984375 0.18125
0 0.28984375 0.56953125 0.08671875 0.13828125
0 0.6953125 0.22265625 0.0828125 0.11640625
0 0.84765625 0.13125 0.05390625 0.06875
0 0.77578125 0.075 0.034375 0.0828125
3 0.64453125 0.11171875 0.11640625 0.09609375
0 0.13515625 0.025 0.053125 0.05
0 0.11640625 0.13359375 0.0578125 0.128125
0 0.52109375 0.32109375 0.08359375 0.16640625
2 0.3765625 0.88515625 0.2 0.2296875
3 0.803125 0.34296875 0.11953125 0.3375