1 0.7203125 0.79453125 0.25625 0.4109375
0 0.88828125 0.84765625 0.06328125 0.10078125
2 0.65859375 0.146875 0.20703125 0.20703125
3 0.51171875 0.10703125 0.165625 0.2140625
3 0.51328125 0.2015625 0.10078125 0.065625
0 0.4625 0.25625 0.0703125 0.10625
2 0.4203125 0.47578125 0.23203125 0.34140625
0 0.23359375 0.50859375 0.08046875 0.14296875
1 0.11640625 0.28671875 0.1453125 0.23515625
1 0.1421875 0.13203125 0.15 0.2640625
1 0.2109375 0.084375 0.13671875 0.16875
0 0.4375 0.65703125 0.11484375 0.159375
0 0.540625 0.9015625 0.046875 0.12578125
1 0.26953125 0.74140625 0.103125 0.31015625
3 0.1421875 0.8453125 0.053125 0.253125
1 0.35546875 0.89140625 0.0890625 0.2171875
1 0.271875 0.94375 0.1 0.1125