3 0.2078125 0.19921875 0.13203125 0.19140625
1 0.35234375 0.20625 0.15 0.2984375
1 0.6203125 0.153125 0.146875 0.2484375
1 0.7578125 0.15546875 0.13671875 0.3109375
1 0.90859375 0.184375 0.12265625 0.240625
0 0.8109375 0.6109375 0.15546875 0.290625
0 0.853125 0.48046875 0.090625 0.134375
0 0.84296875 0.921875 0.06640625 0.15625
1 0.5234375 0.9328125 0.146875 0.134375
1 0.59296875 0.8921875 0.10859375 0.1078125
1 0.446875 0.7125 0.2 0.446875
0 0.3640625 0.553125 0.090625 0.159375
0 0.384375 0.66015625 0.03828125 0.0859375
0 0.184375 0.86875 0.0546875 0.1109375
0 0.58515625 0.565625 0.0625 0.1203125
0 0.70390625 0.315625 0.04296875 0.0703125