1 0.225 0.74296875 0.140625 0.33984375
0 0.73671875 0.346875 0.08359375 0.14609375
0 0.7921875 0.4359375 0.08984375 0.1421875
0 0.87265625 0.44140625 0.04296875 0.121875
3 0.1890625 0.0984375 0.10234375 0.1890625
1 0.1921875 0.95625 0.12578125 0.0875
1 0.7609375 0.13125 0.20625 0.2625
0 0.83046875 0.53203125 0.06796875 0.12890625
1 0.878125 0.11328125 0.13046875 0.22265625
3 0.6078125 0.84609375 0.07890625 0.29296875
0 0.25078125 0.09140625 0.0734375 0.14296875
1 0.49140625 0.878125 0.19140625 0.23984375
1 0.56796875 0.5 0.12421875 0.24296875
0 0.6625 0.92421875 0.0703125 0.14921875
0 0.309375 0.17265625 0.096875 0.17734375
0 0.55234375 0.19453125 0.1 0.1734375
1 0.7671875 0.86953125 0.165625 0.18515625
0 0.6234375 0.70234375 0.04375 0.103125