1 0.50625 0.56015625 0.18125 0.2578125
0 0.3671875 0.76875 0.071875 0.10234375
0 0.2359375 0.2390625 0.07265625 0.1015625
0 0.62109375 0.5265625 0.071875 0.1171875
1 0.33359375 0.609375 0.1234375 0.228125
3 0.23203125 0.0625 0.1453125 0.125
0 0.77890625 0.5859375 0.0921875 0.13671875
0 0.715625 0.0953125 0.06015625 0.125
0 0.6484375 0.37890625 0.06328125 0.1625
3 0.8 0.85078125 0.11640625 0.2421875
3 0.5375 0.74921875 0.11171875 0.2234375
3 0.565625 0.66015625 0.07109375 0.09921875
0 0.215625 0.175 0.0828125 0.12421875
3 0.6546875 0.2390625 0.08359375 0.1390625