0 0.35390625 0.3296875 0.11875 0.0875
2 0.11015625 0.2890625 0.21875 0.175
1 0.3453125 0.159375 0.21875 0.090625
1 0.18203125 0.15390625 0.153125 0.1125
2 0.0484375 0.5484375 0.096875 0.103125
2 0.115625 0.38828125 0.1453125 0.096875
2 0.80859375 0.7859375 0.1703125 0.1328125
3 0.746875 0.36640625 0.253125 0.1625
3 0.84765625 0.51484375 0.2 0.140625
1 0.92578125 0.4140625 0.146875 0.0875
0 0.87578125 0.05 0.1125 0.046875
0 0.50078125 0.053125 0.121875 0.059375
0 0.9734375 0.0671875 0.053125 0.0390625