1 0.09296875 0.5640625 0.1515625 0.25625
1 0.1890625 0.6734375 0.1546875 0.3328125
0 0.31796875 0.9015625 0.08203125 0.15390625
0 0.3828125 0.9359375 0.053125 0.128125
3 0.81328125 0.85 0.0640625 0.3
0 0.97265625 0.81171875 0.046875 0.13671875
0 0.96015625 0.93671875 0.0375 0.11953125
1 0.6375 0.6875 0.14921875 0.30859375
1 0.8421875 0.475 0.14921875 0.2453125
3 0.67109375 0.32890625 0.1421875 0.1609375
3 0.8078125 0.23203125 0.1015625 0.3234375
0 0.7203125 0.10703125 0.07890625 0.1578125
1 0.29921875 0.15078125 0.125 0.30078125
0 0.19765625 0.36484375 0.08984375 0.10859375