3 0.059375 0.87109375 0.053125 0.17890625
1 0.1171875 0.19140625 0.1046875 0.26640625
1 0.4078125 0.0984375 0.12109375 0.196875
0 0.4453125 0.17421875 0.09140625 0.146875
0 0.6140625 0.40234375 0.0734375 0.1171875
0 0.70078125 0.0578125 0.0875 0.115625
1 0.88203125 0.3703125 0.128125 0.2640625
0 0.84140625 0.5515625 0.10234375 0.19921875
0 0.66953125 0.49609375 0.040625 0.0671875
1 0.88828125 0.71171875 0.11875 0.29296875
3 0.53984375 0.8171875 0.11953125 0.1734375
1 0.5484375 0.91640625 0.1796875 0.1671875
1 0.77578125 0.2671875 0.06171875 0.15625
1 0.39296875 0.50625 0.0546875 0.1671875
3 0.1234375 0.47578125 0.11015625 0.23359375
3 0.709375 0.61640625 0.16171875 0.22890625
0 0.50703125 0.7453125 0.05546875 0.1578125