1 0.72734375 0.88203125 0.159375 0.23125
3 0.66328125 0.59296875 0.21875 0.40625
0 0.7515625 0.6078125 0.0734375 0.171875
0 0.50078125 0.68125 0.059375 0.16875
3 0.2 0.95234375 0.128125 0.0953125
2 0.37734375 0.634375 0.08125 0.23125
0 0.6125 0.246875 0.065625 0.153125
2 0.5875 0.3828125 0.1 0.1796875
0 0.48671875 0.265625 0.0734375 0.159375
0 0.36875 0.2140625 0.0828125 0.1671875
1 0.16875 0.42734375 0.128125 0.196875
0 0.24765625 0.4890625 0.078125 0.159375
0 0.46015625 0.6203125 0.0875 0.11875
1 0.11875 0.20234375 0.11875 0.2828125
0 0.37578125 0.04921875 0.084375 0.096875