1 0.3953125 0.215625 0.178125 0.27578125
2 0.6265625 0.35546875 0.1328125 0.25078125
3 0.71328125 0.38671875 0.1078125 0.1984375
3 0.509375 0.58359375 0.1578125 0.2625
2 0.67421875 0.91875 0.1921875 0.1625
1 0.084375 0.184375 0.090625 0.3015625
0 0.23984375 0.38046875 0.09296875 0.1640625
1 0.4296875 0.86171875 0.15625 0.2765625
0 0.54296875 0.9046875 0.08359375 0.1484375
0 0.7421875 0.621875 0.0875 0.125
1 0.20234375 0.94921875 0.1171875 0.10078125
3 0.53828125 0.7296875 0.1703125 0.1921875
0 0.9421875 0.5 0.0546875 0.1328125