1 0.7859375 0.259375 0.2203125 0.128125
1 0.0796875 0.61171875 0.159375 0.14375
0 0.3453125 0.54140625 0.15 0.071875
0 0.3828125 0.5921875 0.08125 0.075
0 0.45625 0.44765625 0.165625 0.096875
2 0.5359375 0.59453125 0.2421875 0.1515625
2 0.93046875 0.36328125 0.1390625 0.14375
3 0.88046875 0.0609375 0.165625 0.059375
2 0.134375 0.2734375 0.221875 0.1625
0 0.1125 0.8640625 0.109375 0.046875
0 0.37734375 0.89375 0.1578125 0.0828125
3 0.58203125 0.8765625 0.115625 0.09375
0 0.94140625 0.77578125 0.1171875 0.065625
0 0.6921875 0.61015625 0.153125 0.065625