1 0.72734375 0.11796875 0.159375 0.23046875
3 0.66328125 0.40703125 0.21796875 0.40625
0 0.7515625 0.3921875 0.0734375 0.17109375
0 0.50078125 0.31875 0.06015625 0.16875
3 0.2 0.04765625 0.128125 0.0953125
2 0.37734375 0.365625 0.08203125 0.23046875
0 0.6125 0.753125 0.065625 0.153125
2 0.5875 0.6171875 0.1 0.1796875
0 0.48671875 0.734375 0.0734375 0.15859375
0 0.36875 0.7859375 0.08203125 0.1671875
1 0.16875 0.57265625 0.128125 0.196875
0 0.24765625 0.5109375 0.07890625 0.15859375
0 0.46015625 0.3796875 0.0875 0.11796875
1 0.11875 0.79765625 0.11875 0.2828125
0 0.37578125 0.95078125 0.084375 0.09765625