0 0.27109375 0.76640625 0.1546875 0.09375
0 0.3640625 0.7375 0.178125 0.0890625
0 0.21875 0.565625 0.1 0.0671875
0 0.04375 0.6421875 0.0875 0.0703125
0 0.05703125 0.49921875 0.0984375 0.084375
1 0.24453125 0.08828125 0.221875 0.115625
0 0.76328125 0.259375 0.14375 0.071875
3 0.86953125 0.38671875 0.134375 0.15
0 0.85078125 0.4953125 0.153125 0.084375
1 0.94140625 0.446875 0.1171875 0.109375
3 0.52734375 0.6453125 0.284375 0.228125
0 0.4109375 0.85625 0.0890625 0.0421875
0 0.77421875 0.8453125 0.084375 0.053125