0 0.26953125 0.1640625 0.159375 0.0890625
1 0.15546875 0.21171875 0.1921875 0.14375
3 0.540625 0.8953125 0.215625 0.0421875
3 0.28359375 0.903125 0.2890625 0.0921875
3 0.37421875 0.84609375 0.296875 0.0765625
1 0.36875 0.7125 0.253125 0.165625
0 0.165625 0.33125 0.171875 0.06875
0 0.9609375 0.34296875 0.078125 0.09375
0 0.8640625 0.64453125 0.1296875 0.075
3 0.784375 0.68828125 0.2703125 0.1265625
3 0.95546875 0.13515625 0.0890625 0.0609375
1 0.0890625 0.7484375 0.178125 0.115625
3 0.05625 0.6703125 0.1125 0.05625
3 0.13828125 0.4296875 0.221875 0.1375