3 0.87421875 0.1890625 0.1015625 0.115625
0 0.94609375 0.3578125 0.05625 0.140625
0 0.80703125 0.86953125 0.078125 0.1359375
0 0.78515625 0.159375 0.06875 0.14375
1 0.62421875 0.09453125 0.18125 0.1875
0 0.49140625 0.53984375 0.1 0.1296875
3 0.6296875 0.58828125 0.071875 0.3
0 0.6546875 0.86171875 0.09375 0.1375
0 0.7015625 0.8203125 0.0625 0.09375
0 0.3046875 0.73828125 0.0671875 0.165625
0 0.2671875 0.82109375 0.075 0.1234375
1 0.12890625 0.553125 0.0671875 0.2375
0 0.35625 0.13046875 0.090625 0.153125
2 0.309375 0.29765625 0.1671875 0.221875
0 0.20546875 0.35625 0.0765625 0.1109375
0 0.3859375 0.88125 0.0796875 0.1515625
0 0.1171875 0.89140625 0.0390625 0.103125
1 0.58203125 0.83046875 0.071875 0.275