0 0.3578125 0.13984375 0.121875 0.065625
2 0.4984375 0.1125 0.259375 0.140625
0 0.0515625 0.38046875 0.103125 0.0875
0 0.084375 0.3296875 0.075 0.040625
0 0.27734375 0.46328125 0.1125 0.059375
3 0.13828125 0.71328125 0.275 0.165625
0 0.5078125 0.66640625 0.1296875 0.134375
0 0.25546875 0.584375 0.1234375 0.1015625
3 0.70703125 0.51328125 0.225 0.146875
0 0.61328125 0.87734375 0.15625 0.0640625
1 0.68984375 0.6921875 0.1125 0.109375
0 0.83984375 0.715625 0.16875 0.0765625
2 0.85546875 0.82578125 0.171875 0.1609375