2 0.2984375 0.7421875 0.1765625 0.17265625
2 0.23515625 0.88828125 0.1609375 0.22265625
2 0.553125 0.88984375 0.08359375 0.21953125
1 0.11953125 0.625 0.125 0.23671875
1 0.85703125 0.14921875 0.1328125 0.2203125
1 0.6421875 0.19296875 0.21171875 0.29453125
3 0.5203125 0.30859375 0.17578125 0.1796875
2 0.53515625 0.56484375 0.23984375 0.2984375
0 0.37578125 0.4078125 0.08125 0.16640625
0 0.36953125 0.08359375 0.1734375 0.16640625
3 0.225 0.06875 0.1125 0.1375
0 0.8734375 0.64765625 0.0421875 0.1015625
3 0.7671875 0.77109375 0.1625 0.09609375
3 0.8359375 0.65546875 0.0625 0.228125
2 0.39609375 0.60625 0.10390625 0.20390625