3 0.61328125 0.7109375 0.12265625 0.32578125
2 0.68828125 0.35234375 0.12265625 0.2671875
3 0.76640625 0.15546875 0.1453125 0.1703125
3 0.85390625 0.2109375 0.0515625 0.2359375
3 0.7859375 0.4875 0.0890625 0.15859375
0 0.8390625 0.465625 0.0703125 0.15703125
3 0.58203125 0.21640625 0.1078125 0.24765625
3 0.5109375 0.3640625 0.059375 0.2890625
3 0.59921875 0.028125 0.0640625 0.05625
3 0.41953125 0.365625 0.134375 0.29140625
3 0.3578125 0.41640625 0.09296875 0.1390625
2 0.3796875 0.559375 0.1890625 0.24140625
2 0.3234375 0.5265625 0.16328125 0.2765625
0 0.303125 0.68203125 0.08359375 0.14453125
2 0.12890625 0.6875 0.1515625 0.20390625
1 0.23515625 0.834375 0.14140625 0.32421875
1 0.40078125 0.7953125 0.18671875 0.26640625
0 0.13046875 0.04921875 0.08984375 0.0984375
1 0.44765625 0.07421875 0.17109375 0.1484375