3 0.95078125 0.9859375 0.0984375 0.0171875
3 0.74140625 0.83203125 0.165625 0.109375
3 0.8078125 0.65546875 0.2453125 0.1859375
2 0.58125 0.625 0.29375 0.134375
2 0.46796875 0.82265625 0.26875 0.109375
0 0.09765625 0.43828125 0.1953125 0.0625
0 0.05625 0.4875 0.1125 0.06875
2 0.11015625 0.16171875 0.2203125 0.1296875
1 0.77734375 0.2671875 0.303125 0.153125
1 0.959375 0.21015625 0.08125 0.14375
1 0.90625 0.1453125 0.1734375 0.096875
0 0.93828125 0.534375 0.1234375 0.06875
2 0.07421875 0.07734375 0.1484375 0.084375
3 0.4828125 0.7609375 0.165625 0.059375