1 0.73046875 0.6046875 0.3125 0.178125
3 0.80234375 0.38125 0.159375 0.234375
3 0.77421875 0.19765625 0.228125 0.1375
2 0.9328125 0.80703125 0.134375 0.1296875
0 0.79765625 0.7390625 0.109375 0.05
3 0.35078125 0.68984375 0.3515625 0.08125
0 0.32421875 0.57890625 0.1265625 0.071875
0 0.26640625 0.62421875 0.190625 0.06875
0 0.13984375 0.9125 0.153125 0.0765625
3 0.1625 0.8453125 0.11875 0.059375
2 0.0828125 0.5390625 0.165625 0.1609375
0 0.14921875 0.41796875 0.14375 0.109375
2 0.0453125 0.36953125 0.090625 0.0921875
2 0.10390625 0.284375 0.2078125 0.1625
0 0.25234375 0.1359375 0.1515625 0.053125
0 0.4859375 0.10078125 0.134375 0.0578125
0 0.4 0.36015625 0.1265625 0.084375