0 0.13984375 0.13828125 0.05234375 0.1671875
1 0.2484375 0.18046875 0.17265625 0.290625
3 0.46484375 0.12578125 0.0796875 0.2515625
0 0.64453125 0.53359375 0.05078125 0.0984375
1 0.70234375 0.81484375 0.12421875 0.25625
1 0.87265625 0.9234375 0.1453125 0.153125
1 0.7078125 0.96015625 0.18125 0.0796875
3 0.565625 0.85859375 0.1390625 0.1984375
0 0.34296875 0.84921875 0.0921875 0.15625
2 0.753125 0.559375 0.15625 0.23046875
0 0.91796875 0.046875 0.05234375 0.08671875
0 0.88125 0.03125 0.05859375 0.0625