2 0.70078125 0.3796875 0.2453125 0.346875
0 0.76484375 0.28828125 0.059375 0.0875
0 0.6359375 0.534375 0.0875 0.1375
0 0.8203125 0.6453125 0.1046875 0.196875
0 0.9078125 0.71484375 0.071875 0.15625
2 0.58359375 0.8375 0.2359375 0.325
3 0.4421875 0.71875 0.153125 0.15
3 0.41171875 0.5171875 0.0890625 0.2578125
1 0.2625 0.61328125 0.153125 0.2
0 0.08203125 0.93203125 0.059375 0.1359375
0 0.17578125 0.16796875 0.05625 0.1484375
1 0.0953125 0.34453125 0.11875 0.153125
0 0.3125 0.4546875 0.084375 0.153125
2 0.38046875 0.32578125 0.13125 0.2625
0 0.86640625 0.05703125 0.071875 0.1140625
3 0.9140625 0.20625 0.0625 0.1796875