2 0.74921875 0.328125 0.3671875 0.140625
3 0.5203125 0.46171875 0.23125 0.2
3 0.75234375 0.54609375 0.2625 0.190625
3 0.175 0.21640625 0.228125 0.1390625
0 0.1375 0.39765625 0.1453125 0.08125
1 0.06328125 0.81796875 0.1265625 0.1421875
1 0.08828125 0.66171875 0.1765625 0.1640625
0 0.2796875 0.84609375 0.1625 0.075
1 0.25859375 0.50703125 0.3015625 0.2046875
0 0.940625 0.40390625 0.11875 0.0984375
0 0.94140625 0.84453125 0.1171875 0.0953125
0 0.97109375 0.1609375 0.0578125 0.09375
3 0.13515625 0.7640625 0.228125 0.0953125