1 0.23671875 0.515625 0.1921875 0.246875
3 0.4578125 0.8421875 0.12421875 0.22109375
0 0.4140625 0.315625 0.065625 0.11484375
1 0.915625 0.471875 0.10703125 0.2765625
0 0.31796875 0.73359375 0.06328125 0.15546875
3 0.14140625 0.8765625 0.14921875 0.14921875
3 0.975 0.221875 0.04921875 0.22578125
0 0.43125 0.46875 0.0921875 0.1421875
0 0.36015625 0.17421875 0.084375 0.16640625
0 0.13203125 0.28515625 0.08203125 0.153125
3 0.89609375 0.25390625 0.1296875 0.16484375
3 0.6859375 0.7453125 0.14140625 0.1984375
3 0.49921875 0.61796875 0.1125 0.20625
3 0.50703125 0.2359375 0.13359375 0.32578125
3 0.18671875 0.084375 0.10859375 0.16875