1 0.09296875 0.4359375 0.1515625 0.25625
1 0.1890625 0.3265625 0.1546875 0.3328125
0 0.31796875 0.0984375 0.08125 0.153125
0 0.3828125 0.0640625 0.053125 0.128125
3 0.81328125 0.15 0.0640625 0.3
0 0.97265625 0.18828125 0.046875 0.1375
0 0.96015625 0.06328125 0.0375 0.11875
1 0.6375 0.3125 0.15 0.309375
1 0.8421875 0.525 0.15 0.2453125
3 0.67109375 0.67109375 0.1421875 0.1609375
3 0.8078125 0.76796875 0.1015625 0.3234375
0 0.7203125 0.89296875 0.0796875 0.1578125
1 0.29921875 0.84921875 0.125 0.3
0 0.19765625 0.63515625 0.090625 0.109375