1 0.6046875 0.784375 0.178125 0.275
2 0.3734375 0.64453125 0.1328125 0.25
3 0.28671875 0.61328125 0.1078125 0.1984375
3 0.490625 0.41640625 0.1578125 0.2625
2 0.32578125 0.08125 0.1921875 0.1625
1 0.915625 0.815625 0.090625 0.3015625
0 0.76015625 0.61953125 0.09375 0.1640625
1 0.5703125 0.13828125 0.15625 0.2765625
0 0.45703125 0.0953125 0.084375 0.1484375
0 0.2578125 0.378125 0.0875 0.125
1 0.79765625 0.05078125 0.1171875 0.1
3 0.46171875 0.2703125 0.1703125 0.1921875
0 0.0578125 0.5 0.0546875 0.1328125