0 0.58125 0.49921875 0.07421875 0.16171875
1 0.3671875 0.1015625 0.1765625 0.203125
0 0.940625 0.115625 0.06796875 0.15
0 0.88203125 0.50234375 0.04296875 0.08828125
0 0.70859375 0.928125 0.06953125 0.10390625
0 0.93515625 0.48203125 0.07109375 0.14375
0 0.7375 0.77109375 0.0703125 0.18125
0 0.80390625 0.77109375 0.059375 0.14609375
3 0.20078125 0.89453125 0.065625 0.20234375
0 0.24140625 0.26484375 0.0640625 0.115625
0 0.84453125 0.62265625 0.0703125 0.11953125
0 0.6828125 0.57421875 0.10390625 0.16484375
2 0.78359375 0.25859375 0.0984375 0.275
0 0.71328125 0.34296875 0.0578125 0.13203125
3 0.18046875 0.715625 0.153125 0.209375
0 0.08125 0.37890625 0.053125 0.10390625
3 0.0671875 0.284375 0.05703125 0.14609375