1 0.4515625 0.2546875 0.2609375 0.2
1 0.21328125 0.21953125 0.2625 0.1765625
1 0.08515625 0.45078125 0.1703125 0.196875
2 0.14453125 0.63203125 0.2890625 0.1875
1 0.3109375 0.9203125 0.26875 0.1171875
3 0.8546875 0.74375 0.290625 0.09375
0 0.715625 0.48515625 0.175 0.0859375
0 0.5546875 0.471875 0.15625 0.08125
0 0.58125 0.56953125 0.1 0.0765625
3 0.66953125 0.07578125 0.1953125 0.1
0 0.50546875 0.59296875 0.06875 0.059375
1 0.2109375 0.81171875 0.33125 0.1546875
0 0.6296875 0.7765625 0.115625 0.059375
0 0.428125 0.76015625 0.13125 0.0578125