1 0.79375 0.41484375 0.15234375 0.3203125
1 0.73046875 0.1421875 0.1578125 0.26796875
3 0.45546875 0.2109375 0.1140625 0.3875
3 0.22578125 0.64453125 0.128125 0.203125
3 0.2515625 0.5671875 0.12421875 0.20390625
0 0.45234375 0.8671875 0.059375 0.1234375
0 0.36953125 0.9484375 0.0484375 0.10234375
3 0.203125 0.8921875 0.09765625 0.215625
0 0.1859375 0.68828125 0.0578125 0.1015625
2 0.18359375 0.1203125 0.0984375 0.1734375
1 0.30390625 0.0875 0.14921875 0.17421875
0 0.38046875 0.1515625 0.11328125 0.2171875
3 0.37265625 0.0859375 0.11640625 0.171875