2 0.29921875 0.6203125 0.2453125 0.34765625
0 0.23515625 0.71171875 0.059375 0.08671875
0 0.3640625 0.465625 0.08671875 0.13828125
0 0.1796875 0.3546875 0.1046875 0.196875
0 0.0921875 0.28515625 0.071875 0.15625
2 0.41640625 0.1625 0.2359375 0.325
3 0.5578125 0.28125 0.15390625 0.14921875
3 0.58828125 0.4828125 0.0890625 0.2578125
1 0.7375 0.38671875 0.153125 0.2
0 0.91796875 0.06796875 0.06015625 0.1359375
0 0.82421875 0.83203125 0.05546875 0.1484375
1 0.9046875 0.65546875 0.11796875 0.15390625
0 0.6875 0.5453125 0.084375 0.15390625
2 0.61953125 0.67421875 0.13046875 0.26328125
0 0.13359375 0.94296875 0.07265625 0.1140625
3 0.0859375 0.79375 0.06328125 0.1796875