1 0.3859375 0.08125 0.16171875 0.1625
1 0.91015625 0.43984375 0.1296875 0.2875
0 0.66640625 0.1234375 0.096875 0.15078125
3 0.81953125 0.27109375 0.19453125 0.18203125
1 0.30390625 0.50859375 0.1875 0.28671875
1 0.1359375 0.5578125 0.12890625 0.27109375
0 0.4015625 0.49921875 0.06640625 0.1171875
0 0.471875 0.50546875 0.05546875 0.109375
0 0.09765625 0.28203125 0.05078125 0.14296875
3 0.28359375 0.0859375 0.0609375 0.17109375
0 0.98828125 0.325 0.0234375 0.1375
2 0.78515625 0.12265625 0.1375 0.14140625
1 0.58828125 0.61328125 0.19453125 0.284375
2 0.32421875 0.30625 0.10625 0.13828125