2 0.125 0.8234375 0.05625 0.25625
1 0.140625 0.59453125 0.128125 0.2453125
0 0.05625 0.54609375 0.0859375 0.1765625
1 0.13046875 0.471875 0.1375 0.1671875
1 0.23828125 0.12734375 0.1046875 0.25
1 0.3734375 0.11796875 0.1796875 0.2125
1 0.52109375 0.0765625 0.1359375 0.153125
1 0.65390625 0.2765625 0.1734375 0.2375
2 0.86484375 0.7375 0.090625 0.3
2 0.59609375 0.89765625 0.11875 0.2046875
0 0.503125 0.93671875 0.078125 0.109375
0 0.453125 0.96171875 0.0609375 0.075
0 0.67890625 0.94921875 0.08125 0.1
0 0.5984375 0.55859375 0.153125 0.328125