1 0.7265625 0.79296875 0.12734375 0.3390625
0 0.653125 0.4921875 0.08828125 0.1578125
0 0.44296875 0.790625 0.09140625 0.096875
1 0.1453125 0.79609375 0.16015625 0.24921875
0 0.68671875 0.290625 0.07109375 0.15546875
0 0.45234375 0.4625 0.06640625 0.11875
0 0.90390625 0.19296875 0.0671875 0.08515625
2 0.7515625 0.55703125 0.1390625 0.14765625
0 0.75625 0.121875 0.0765625 0.0671875
1 0.81171875 0.84453125 0.096875 0.16015625
2 0.22734375 0.06015625 0.1546875 0.1203125
1 0.44765625 0.8953125 0.215625 0.19375
0 0.18046875 0.20625 0.0484375 0.10234375
1 0.0984375 0.23359375 0.1 0.228125
0 0.33671875 0.5796875 0.0984375 0.17578125
0 0.053125 0.809375 0.05390625 0.1015625
0 0.57578125 0.93203125 0.0515625 0.1359375
2 0.55546875 0.7015625 0.18203125 0.2515625
3 0.4140625 0.23515625 0.15078125 0.22578125
3 0.08828125 0.50234375 0.13203125 0.33515625