3 0.171875 0.7015625 0.1859375 0.1515625
0 0.05546875 0.6234375 0.1109375 0.071875
0 0.071875 0.565625 0.14375 0.078125
2 0.1265625 0.42890625 0.253125 0.078125
0 0.4765625 0.5171875 0.1390625 0.0515625
0 0.60859375 0.521875 0.128125 0.090625
1 0.40234375 0.4359375 0.3140625 0.153125
0 0.6234375 0.3125 0.1015625 0.06875
0 0.7875 0.18125 0.146875 0.059375
2 0.19609375 0.175 0.25 0.075
0 0.21953125 0.075 0.1484375 0.046875
2 0.5234375 0.94609375 0.2875 0.0703125
0 0.153125 0.50390625 0.175 0.1296875