2 0.81796875 0.2875 0.1375 0.29140625
2 0.6765625 0.3984375 0.17734375 0.29375
0 0.91875 0.71796875 0.0671875 0.1515625
0 0.8921875 0.9734375 0.05078125 0.053125
0 0.37890625 0.91953125 0.09375 0.14375
0 0.15390625 0.790625 0.0703125 0.16015625
1 0.28515625 0.44921875 0.1828125 0.35
1 0.15859375 0.234375 0.1390625 0.30625
0 0.5140625 0.03984375 0.078125 0.0796875
3 0.66875 0.153125 0.18671875 0.20703125
2 0.8625 0.08671875 0.10703125 0.1734375
2 0.9828125 0.05703125 0.021875 0.1140625
3 0.6890625 0.83828125 0.115625 0.2546875
3 0.5484375 0.6734375 0.0953125 0.2578125