1 0.51015625 0.7875 0.3453125 0.1328125
1 0.95625 0.2625 0.0875 0.146875
1 0.09375 0.2265625 0.1875 0.140625
1 0.09609375 0.0859375 0.190625 0.1328125
1 0.934375 0.40859375 0.13125 0.165625
2 0.41171875 0.90625 0.3 0.125
0 0.4015625 0.7125 0.209375 0.0875
0 0.1953125 0.809375 0.109375 0.0765625
0 0.0296875 0.39375 0.059375 0.065625
0 0.3625 0.17421875 0.171875 0.075
0 0.51875 0.56875 0.1515625 0.0875
3 0.26640625 0.5171875 0.33125 0.084375
3 0.3515625 0.61328125 0.3875 0.125
0 0.89765625 0.89765625 0.14375 0.078125
0 0.809375 0.17421875 0.2921875 0.109375
3 0.10546875 0.6453125 0.209375 0.0765625