0 0.475 0.8015625 0.171875 0.065625
1 0.85390625 0.5625 0.2921875 0.153125
1 0.81953125 0.44921875 0.296875 0.1515625
1 0.48984375 0.48984375 0.35 0.1546875
3 0.58359375 0.38203125 0.23125 0.0640625
3 0.628125 0.0921875 0.1796875 0.1421875
0 0.29296875 0.12265625 0.146875 0.08125
3 0.14609375 0.28203125 0.196875 0.11875
0 0.171875 0.5296875 0.153125 0.0859375
0 0.16484375 0.6234375 0.19375 0.109375
2 0.0515625 0.5234375 0.103125 0.15
3 0.1015625 0.45390625 0.1234375 0.075
2 0.21875 0.4171875 0.253125 0.184375
0 0.40625 0.71484375 0.1125 0.08125