0 0.2109375 0.74609375 0.07578125 0.14921875
0 0.10078125 0.87421875 0.071875 0.16328125
3 0.2953125 0.578125 0.1578125 0.27734375
3 0.41171875 0.19453125 0.1 0.334375
3 0.50546875 0.37109375 0.16953125 0.21484375
2 0.50859375 0.603125 0.25703125 0.42734375
1 0.7078125 0.33125 0.1328125 0.30078125
3 0.8171875 0.21015625 0.0921875 0.13203125
3 0.87734375 0.1390625 0.16875 0.2234375
0 0.8796875 0.2734375 0.0453125 0.10546875
0 0.8515625 0.346875 0.0796875 0.0953125
2 0.8140625 0.69140625 0.17890625 0.4
0 0.73203125 0.778125 0.04609375 0.103125
0 0.684375 0.73125 0.08046875 0.146875
1 0.65625 0.5921875 0.13984375 0.29453125
0 0.26640625 0.20078125 0.090625 0.18046875
1 0.30390625 0.84296875 0.14765625 0.3140625
1 0.40859375 0.8734375 0.153125 0.24609375