0 0.86015625 0.6421875 0.06640625 0.12265625
2 0.8875 0.5015625 0.14140625 0.259375
0 0.61953125 0.9484375 0.08828125 0.10234375
0 0.6703125 0.915625 0.03984375 0.07578125
0 0.53671875 0.72265625 0.059375 0.1125
3 0.28671875 0.86171875 0.16484375 0.27578125
0 0.33359375 0.4921875 0.13515625 0.1296875
0 0.415625 0.74453125 0.1015625 0.1234375
3 0.48671875 0.29296875 0.14765625 0.22578125
0 0.12265625 0.38671875 0.06328125 0.15546875
1 0.3078125 0.31015625 0.109375 0.11328125
0 0.284375 0.16015625 0.07578125 0.16796875
2 0.17421875 0.14453125 0.1609375 0.17109375