0 0.86640625 0.4 0.07578125 0.1140625
0 0.59296875 0.83359375 0.0546875 0.10546875
0 0.3375 0.42421875 0.059375 0.13828125
0 0.68359375 0.7765625 0.0640625 0.15078125
0 0.8546875 0.6 0.04921875 0.15
0 0.72890625 0.2109375 0.05234375 0.140625
0 0.734375 0.753125 0.08125 0.215625
0 0.86484375 0.55390625 0.0328125 0.06796875
0 0.80390625 0.41640625 0.040625 0.1015625
0 0.81796875 0.46640625 0.05625 0.09453125
0 0.1765625 0.5171875 0.0734375 0.1640625
0 0.26640625 0.62890625 0.06484375 0.1234375
0 0.196875 0.65078125 0.08046875 0.103125
0 0.31015625 0.13515625 0.078125 0.11171875
0 0.86875 0.11171875 0.09609375 0.2234375
0 0.6484375 0.10078125 0.06953125 0.11796875
0 0.6953125 0.19765625 0.06484375 0.1171875
0 0.86328125 0.32890625 0.078125 0.09296875
0 0.7078125 0.36015625 0.078125 0.13828125
0 0.628125 0.23359375 0.109375 0.17578125
0 0.5765625 0.178125 0.084375 0.12109375
0 0.4328125 0.12421875 0.153125 0.2484375
0 0.3765625 0.225 0.03671875 0.11796875
0 0.47109375 0.284375 0.05234375 0.07890625
0 0.60625 0.36328125 0.04375 0.09453125
0 0.58984375 0.30390625 0.0328125 0.065625
0 0.49765625 0.42109375 0.0546875 0.084375
0 0.421875 0.36015625 0.075 0.12578125
0 0.39296875 0.46484375 0.103125 0.14140625
0 0.37109375 0.61015625 0.08515625 0.16953125
0 0.415625 0.71875 0.059375 0.11953125
0 0.4421875 0.64296875 0.07734375 0.1453125
0 0.41953125 0.59375 0.05859375 0.08515625
3 0.5375 0.9203125 0.1390625 0.11171875
0 0.475 0.74296875 0.0640625 0.1140625
0 0.8296875 0.8 0.05 0.090625
0 0.80625 0.734375 0.03359375 0.06796875
0 0.70390625 0.5953125 0.0609375 0.16796875
0 0.653125 0.44609375 0.121875 0.1421875
0 0.6484375 0.709375 0.06484375 0.20546875
0 0.5453125 0.6921875 0.0375 0.090625