3 0.05 0.69140625 0.059375 0.2578125
0 0.3125 0.90625 0.07734375 0.15234375
0 0.37421875 0.36171875 0.09765625 0.14921875
1 0.64921875 0.0671875 0.13046875 0.134375
3 0.83203125 0.1515625 0.0984375 0.146875
3 0.5 0.115625 0.1453125 0.23046875
3 0.74765625 0.45390625 0.1078125 0.3
2 0.5890625 0.5578125 0.21796875 0.33359375
1 0.57734375 0.75859375 0.103125 0.19609375
0 0.65703125 0.7765625 0.06875 0.15859375
3 0.309375 0.73984375 0.20234375 0.21640625
3 0.7453125 0.703125 0.10859375 0.240625
0 0.5796875 0.92421875 0.0921875 0.15078125
1 0.4609375 0.93828125 0.17109375 0.12265625
3 0.371875 0.12578125 0.115625 0.2515625
0 0.14609375 0.95390625 0.0453125 0.0921875