0 0.9828125 0.41953125 0.034375 0.13984375
0 0.97578125 0.23046875 0.0484375 0.2390625
3 0.9578125 0.06171875 0.0484375 0.1234375
0 0.31484375 0.659375 0.07578125 0.15859375
1 0.2515625 0.2859375 0.171875 0.2921875
0 0.55703125 0.69453125 0.075 0.18671875
1 0.62109375 0.13046875 0.1796875 0.2609375
0 0.80078125 0.14140625 0.084375 0.1484375
1 0.71640625 0.68828125 0.18984375 0.3109375
1 0.675 0.86640625 0.13359375 0.190625
0 0.77890625 0.88203125 0.08828125 0.0953125
3 0.709375 0.959375 0.1515625 0.08125
0 0.4953125 0.0421875 0.0640625 0.084375