3 0.13984375 0.3859375 0.11875 0.1453125
1 0.89453125 0.62890625 0.125 0.275
0 0.5640625 0.24921875 0.06015625 0.11015625
0 0.64453125 0.2859375 0.0703125 0.11328125
0 0.20390625 0.84765625 0.09140625 0.15859375
3 0.8078125 0.92734375 0.05625 0.1453125
0 0.765625 0.6234375 0.04921875 0.11171875
1 0.66796875 0.90390625 0.1265625 0.1875
0 0.84375 0.88984375 0.0625 0.1453125
0 0.6546875 0.17578125 0.0375 0.12734375
3 0.0984375 0.6109375 0.12421875 0.2609375
2 0.85859375 0.0578125 0.10546875 0.115625
0 0.53515625 0.65234375 0.0921875 0.16875
2 0.484375 0.26484375 0.09296875 0.35234375
2 0.78671875 0.08984375 0.1265625 0.17890625