1 0.90625 0.4484375 0.06484375 0.18125
0 0.66171875 0.36171875 0.09375 0.11171875
1 0.8328125 0.084375 0.14140625 0.16875
0 0.41015625 0.434375 0.0625 0.08203125
1 0.5015625 0.61953125 0.19140625 0.33125
2 0.13359375 0.05234375 0.0796875 0.1046875
1 0.3640625 0.340625 0.1453125 0.296875
2 0.6625 0.7796875 0.15546875 0.3671875
3 0.821875 0.7546875 0.1140625 0.19453125
0 0.728125 0.853125 0.09375 0.17265625
2 0.40859375 0.83359375 0.1453125 0.26640625
2 0.653125 0.17734375 0.1859375 0.28125
2 0.31953125 0.846875 0.084375 0.275