1 0.3421875 0.44453125 0.184375 0.28984375
1 0.4765625 0.46015625 0.12578125 0.1984375
1 0.45625 0.7796875 0.1484375 0.3125
2 0.23984375 0.8984375 0.11640625 0.184375
1 0.7765625 0.08671875 0.153125 0.1734375
0 0.68515625 0.32578125 0.08125 0.1390625
0 0.884375 0.20390625 0.0671875 0.1546875
0 0.82734375 0.35859375 0.0453125 0.15859375
2 0.628125 0.54375 0.140625 0.171875
3 0.7171875 0.21171875 0.07890625 0.134375
2 0.29453125 0.67734375 0.19296875 0.3671875
3 0.06171875 0.70859375 0.05859375 0.17109375