1 0.271875 0.4234375 0.1609375 0.28203125
1 0.16484375 0.23125 0.1609375 0.2671875
3 0.2078125 0.32578125 0.13671875 0.2375
1 0.5328125 0.346875 0.1734375 0.31328125
1 0.61796875 0.24609375 0.1578125 0.2671875
1 0.68515625 0.421875 0.15078125 0.31015625
1 0.725 0.88046875 0.140625 0.2390625
0 0.8953125 0.8609375 0.06640625 0.115625
0 0.86953125 0.94609375 0.0484375 0.1078125
0 0.83359375 0.04296875 0.0359375 0.0859375
0 0.665625 0.73515625 0.059375 0.1578125
2 0.803125 0.68828125 0.16015625 0.3125
0 0.34921875 0.8 0.0515625 0.1109375
3 0.1828125 0.890625 0.090625 0.21875
3 0.0140625 0.0484375 0.0203125 0.096875