1 0.9140625 0.86328125 0.1203125 0.27265625
3 0.9625 0.9234375 0.071875 0.153125
3 0.80703125 0.8390625 0.0984375 0.321875
2 0.5078125 0.84765625 0.178125 0.3046875
3 0.51171875 0.6296875 0.19375 0.11875
1 0.1296875 0.57265625 0.20234375 0.38359375
0 0.20859375 0.90625 0.04765625 0.115625
0 0.88359375 0.425 0.08046875 0.1125
0 0.88359375 0.66328125 0.053125 0.11484375
1 0.86171875 0.26640625 0.121875 0.33671875
1 0.1375 0.2234375 0.1234375 0.1765625
3 0.6484375 0.1375 0.13359375 0.275
3 0.3953125 0.44453125 0.071875 0.28984375
3 0.30546875 0.70859375 0.065625 0.20546875
0 0.2609375 0.47109375 0.1125 0.196875