1 0.55625 0.70859375 0.15703125 0.3140625
0 0.87421875 0.1671875 0.05390625 0.11015625
2 0.6078125 0.07734375 0.15859375 0.1546875
0 0.16640625 0.9765625 0.05 0.04453125
3 0.06328125 0.95 0.0703125 0.09921875
0 0.1515625 0.66640625 0.06328125 0.15078125
0 0.190625 0.0578125 0.06640625 0.11484375
3 0.02265625 0.7765625 0.04296875 0.22109375
1 0.7609375 0.49296875 0.1328125 0.2765625
0 0.325 0.28671875 0.03671875 0.1171875
2 0.46875 0.07578125 0.1625 0.1515625
0 0.41640625 0.60078125 0.13828125 0.278125
3 0.3984375 0.3734375 0.12265625 0.275
3 0.20859375 0.25234375 0.1265625 0.18984375
3 0.325 0.87734375 0.1515625 0.2453125
2 0.5078125 0.91875 0.14296875 0.103125