0 0.8359375 0.26953125 0.0890625 0.159375
1 0.78828125 0.15546875 0.14453125 0.1921875
3 0.1046875 0.540625 0.0421875 0.215625
3 0.096875 0.28359375 0.09140625 0.2890625
3 0.15390625 0.37421875 0.0765625 0.29609375
1 0.2875 0.36875 0.165625 0.253125
0 0.66875 0.165625 0.06875 0.17265625
0 0.65703125 0.9609375 0.09296875 0.078125
0 0.35546875 0.8640625 0.075 0.1296875
3 0.31171875 0.784375 0.12578125 0.2703125
3 0.86484375 0.95546875 0.0609375 0.0890625
1 0.2515625 0.0890625 0.11484375 0.17734375
3 0.3296875 0.05625 0.05546875 0.1125
3 0.5703125 0.13828125 0.13828125 0.22109375
3 0.6578125 0.0328125 0.090625 0.065625
3 0.5140625 0.5171875 0.06328125 0.10703125
3 0.675 0.75234375 0.17890625 0.296875
0 0.56171875 0.79765625 0.08125 0.16640625
3 0.47421875 0.92734375 0.17890625 0.14453125