0 0.8375 0.0578125 0.05859375 0.115625
0 0.9359375 0.19921875 0.0484375 0.075
2 0.6625 0.0953125 0.1671875 0.190625
0 0.37890625 0.0671875 0.08828125 0.134375
0 0.10078125 0.16328125 0.0515625 0.09921875
3 0.1109375 0.38203125 0.09296875 0.1859375
1 0.25078125 0.31015625 0.16328125 0.3109375
0 0.19140625 0.565625 0.08046875 0.11875
3 0.36328125 0.7859375 0.0859375 0.17578125
1 0.553125 0.81953125 0.20078125 0.29453125
3 0.86484375 0.73515625 0.12421875 0.15234375
3 0.81640625 0.92890625 0.12734375 0.12578125
0 0.90546875 0.9203125 0.06796875 0.14609375
3 0.98515625 0.9515625 0.01875 0.096875