1 0.71640625 0.68515625 0.334375 0.159375
1 0.39609375 0.63671875 0.225 0.203125
1 0.18046875 0.4234375 0.2171875 0.2375
0 0.7796875 0.4328125 0.1390625 0.08125
0 0.81875 0.26796875 0.1125 0.0984375
0 0.6578125 0.37109375 0.146875 0.05625
0 0.32890625 0.88359375 0.146875 0.0515625
1 0.35703125 0.321875 0.1375 0.096875
2 0.83984375 0.85703125 0.23125 0.065625
3 0.60390625 0.84921875 0.2265625 0.109375
3 0.5296875 0.81875 0.190625 0.0921875
3 0.94140625 0.3828125 0.1171875 0.2125
0 0.36796875 0.5046875 0.15625 0.09375