1 0.8265625 0.36953125 0.14375 0.08984375
0 0.759375 0.86640625 0.08125 0.11328125
2 0.86171875 0.88671875 0.1265625 0.2265625
2 0.72890625 0.93828125 0.14765625 0.1234375
0 0.79921875 0.96640625 0.0546875 0.06640625
3 0.67421875 0.48203125 0.0828125 0.2625
3 0.6125 0.49921875 0.11875 0.30390625
1 0.51328125 0.73125 0.196875 0.24765625
0 0.37578125 0.93671875 0.1234375 0.1265625
1 0.25625 0.8921875 0.12578125 0.215625
1 0.18671875 0.66328125 0.0796875 0.328125
2 0.2734375 0.66171875 0.14140625 0.33125
3 0.9296875 0.440625 0.0765625 0.25234375
0 0.69140625 0.225 0.1234375 0.27890625
0 0.609375 0.1 0.06484375 0.17265625
0 0.54296875 0.10546875 0.0734375 0.12109375
1 0.7859375 0.05078125 0.134375 0.1015625
2 0.8671875 0.115625 0.0796875 0.23125