0 0.65703125 0.24296875 0.11015625 0.15625
1 0.48203125 0.48203125 0.11015625 0.23203125
1 0.51484375 0.7234375 0.1703125 0.28828125
0 0.290625 0.03359375 0.121875 0.0671875
2 0.78828125 0.66015625 0.08671875 0.1578125
1 0.71640625 0.88046875 0.2234375 0.2390625
1 0.22890625 0.78203125 0.134375 0.2859375
1 0.23828125 0.93984375 0.10625 0.1203125
0 0.38828125 0.92109375 0.09375 0.1578125
3 0.41015625 0.57109375 0.08046875 0.34140625
0 0.7828125 0.54296875 0.0453125 0.10234375
1 0.0921875 0.64375 0.046875 0.19296875