2 0.5 0.484375 0.23046875 0.38203125
1 0.51875 0.14765625 0.14609375 0.29453125
1 0.73359375 0.11875 0.171875 0.2375
2 0.25390625 0.11328125 0.19921875 0.22421875
1 0.88671875 0.60234375 0.1421875 0.36328125
1 0.6046875 0.90078125 0.11875 0.18984375
1 0.35 0.4046875 0.08984375 0.2296875
1 0.76484375 0.91796875 0.09140625 0.16015625
0 0.3078125 0.57890625 0.06875 0.11953125
3 0.8515625 0.12109375 0.115625 0.2015625
2 0.74453125 0.81328125 0.15234375 0.18203125
0 0.67109375 0.90703125 0.0375 0.11875