1 0.728125 0.4234375 0.1609375 0.28125
1 0.83515625 0.23125 0.1609375 0.2671875
3 0.7921875 0.32578125 0.1375 0.2375
1 0.4671875 0.346875 0.1734375 0.3125
1 0.38203125 0.24609375 0.1578125 0.2671875
1 0.31484375 0.421875 0.15 0.309375
1 0.275 0.88046875 0.140625 0.2390625
0 0.1046875 0.8609375 0.065625 0.115625
0 0.13046875 0.94609375 0.0484375 0.1078125
0 0.16640625 0.04296875 0.0359375 0.0859375
0 0.334375 0.73515625 0.059375 0.1578125
2 0.196875 0.68828125 0.159375 0.3125
0 0.65078125 0.8 0.0515625 0.1109375
3 0.8171875 0.890625 0.090625 0.21875
3 0.9859375 0.0484375 0.0203125 0.096875