1 0.49375 0.6921875 0.221875 0.171875
2 0.39296875 0.3625 0.31875 0.1890625
2 0.76953125 0.14375 0.30625 0.121875
2 0.72265625 0.3796875 0.3125 0.2171875
1 0.2703125 0.78828125 0.3 0.20625
1 0.196875 0.45859375 0.1890625 0.184375
1 0.115625 0.3046875 0.23125 0.1421875
1 0.12421875 0.16015625 0.240625 0.1125
2 0.1875 0.6203125 0.2515625 0.1375
3 0.090625 0.41484375 0.125 0.1234375
0 0.54140625 0.92890625 0.15625 0.08125
3 0.8625 0.61640625 0.246875 0.146875
0 0.96015625 0.41640625 0.0796875 0.0953125
0 0.946875 0.1953125 0.10625 0.0546875