0 0.84765625 0.26640625 0.07421875 0.109375
1 0.4234375 0.2625 0.13515625 0.38671875
1 0.784375 0.18515625 0.09375 0.2703125
0 0.5375 0.7265625 0.096875 0.17578125
0 0.53125 0.18125 0.10078125 0.1359375
1 0.5890625 0.5046875 0.11484375 0.2953125
0 0.25390625 0.6984375 0.08125 0.12578125
2 0.0953125 0.37265625 0.11328125 0.23671875
3 0.28046875 0.52421875 0.08046875 0.15703125
0 0.3 0.76953125 0.07109375 0.1109375
0 0.18359375 0.040625 0.09765625 0.08125
3 0.74765625 0.4609375 0.20078125 0.24921875
0 0.3640625 0.96015625 0.0734375 0.07890625
3 0.7296875 0.02890625 0.18125 0.05546875
0 0.29609375 0.08984375 0.06484375 0.16796875
0 0.175 0.1421875 0.0671875 0.1546875
1 0.18046875 0.6140625 0.075 0.2671875
0 0.1390625 0.81015625 0.0703125 0.13671875
0 0.34296875 0.8609375 0.09296875 0.13671875
3 0.73515625 0.6203125 0.1703125 0.1609375