3 0.13984375 0.6140625 0.11875 0.1453125
1 0.89453125 0.37109375 0.125 0.275
0 0.5640625 0.75078125 0.06015625 0.11015625
0 0.64453125 0.7140625 0.0703125 0.11328125
0 0.20390625 0.15234375 0.09140625 0.15859375
3 0.8078125 0.07265625 0.05625 0.1453125
0 0.765625 0.3765625 0.04921875 0.11171875
1 0.66796875 0.09609375 0.1265625 0.1875
0 0.84375 0.11015625 0.0625 0.1453125
0 0.6546875 0.82421875 0.0375 0.12734375
3 0.0984375 0.3890625 0.12421875 0.2609375
2 0.85859375 0.9421875 0.10546875 0.115625
0 0.53515625 0.34765625 0.0921875 0.16875
2 0.484375 0.73515625 0.09296875 0.35234375
2 0.78671875 0.91015625 0.1265625 0.17890625