2 0.8703125 0.5640625 0.17734375 0.31875
3 0.61015625 0.9140625 0.16484375 0.165625
3 0.30546875 0.1625 0.19921875 0.190625
3 0.39140625 0.87578125 0.18203125 0.23203125
1 0.1296875 0.06953125 0.14140625 0.1390625
1 0.8375 0.928125 0.13125 0.14375
0 0.4828125 0.66953125 0.0984375 0.16171875
3 0.596875 0.7796875 0.1078125 0.1953125
3 0.8171875 0.27578125 0.06640625 0.2265625
1 0.59921875 0.55 0.13125 0.30546875
0 0.7265625 0.82890625 0.15 0.28125
3 0.33671875 0.50703125 0.13984375 0.16328125
3 0.02109375 0.7609375 0.0421875 0.2203125