1 0.77578125 0.578125 0.1828125 0.26875
1 0.48515625 0.22265625 0.14140625 0.23984375
0 0.390625 0.90234375 0.0796875 0.165625
3 0.66875 0.14375 0.13515625 0.134375
0 0.3734375 0.56953125 0.08984375 0.15859375
0 0.19609375 0.603125 0.08359375 0.128125
0 0.68359375 0.97890625 0.0953125 0.04140625
3 0.47578125 0.81953125 0.10546875 0.34921875
0 0.51640625 0.08671875 0.0890625 0.11328125
0 0.13125 0.39609375 0.040625 0.090625
3 0.159375 0.1453125 0.06171875 0.25
3 0.95 0.76015625 0.06015625 0.2484375
2 0.54453125 0.9171875 0.14609375 0.134375
2 0.62265625 0.3375 0.09921875 0.2625
3 0.790625 0.82890625 0.13125 0.11328125
3 0.75625 0.35078125 0.1328125 0.18828125
3 0.25390625 0.91484375 0.11796875 0.1703125