1 0.415625 0.0625 0.11953125 0.12421875
0 0.80703125 0.271875 0.07734375 0.11875
0 0.50703125 0.20546875 0.06953125 0.12734375
0 0.225 0.740625 0.07265625 0.1609375
1 0.1015625 0.55703125 0.146875 0.2921875
1 0.82890625 0.9546875 0.10625 0.090625
0 0.834375 0.7171875 0.0578125 0.1078125
0 0.58515625 0.20546875 0.09140625 0.1296875
0 0.0375 0.303125 0.0703125 0.18671875
0 0.3 0.94375 0.075 0.1125
0 0.5 0.8578125 0.053125 0.15859375
0 0.88359375 0.0359375 0.06328125 0.071875
0 0.25234375 0.22265625 0.090625 0.15234375