3 0.27265625 0.7421875 0.10625 0.1515625
0 0.23515625 0.603125 0.134375 0.09375
1 0.06875 0.6453125 0.1375 0.159375
1 0.11640625 0.3515625 0.2015625 0.1296875
1 0.72421875 0.3265625 0.35625 0.16875
1 0.740625 0.1578125 0.271875 0.08125
0 0.4953125 0.13515625 0.1421875 0.059375
0 0.7453125 0.025 0.1375 0.04375
0 0.734375 0.7109375 0.165625 0.084375
0 0.90078125 0.553125 0.175 0.1140625
2 0.86796875 0.759375 0.2359375 0.1359375
2 0.9390625 0.1796875 0.121875 0.153125
1 0.37734375 0.41796875 0.26875 0.1375
0 0.96171875 0.3 0.0765625 0.0890625