0 0.48828125 0.54375 0.07265625 0.11171875
0 0.278125 0.7765625 0.09140625 0.16953125
2 0.58828125 0.9203125 0.15078125 0.15859375
3 0.2890625 0.51875 0.1078125 0.1375
3 0.42109375 0.359375 0.1484375 0.28046875
3 0.1828125 0.48125 0.09921875 0.16953125
3 0.5875 0.1171875 0.10546875 0.17265625
0 0.72109375 0.10234375 0.0890625 0.14453125
0 0.7421875 0.03046875 0.1 0.0609375
3 0.62109375 0.259375 0.21328125 0.234375
0 0.21640625 0.128125 0.08671875 0.14453125
0 0.2625 0.025 0.05 0.05
3 0.77265625 0.2203125 0.103125 0.240625