0 0.62890625 0.50546875 0.08046875 0.15
0 0.628125 0.3859375 0.08671875 0.109375
3 0.90078125 0.671875 0.12109375 0.21171875
0 0.89921875 0.4140625 0.0734375 0.11640625
1 0.31484375 0.71796875 0.17578125 0.20078125
3 0.340625 0.4453125 0.08828125 0.346875
3 0.46171875 0.3 0.08671875 0.2203125
2 0.55390625 0.3765625 0.1296875 0.33828125
3 0.46953125 0.0953125 0.17734375 0.18359375
0 0.1890625 0.32109375 0.0625 0.1171875
1 0.60859375 0.940625 0.14453125 0.11875
1 0.7171875 0.96640625 0.07109375 0.06640625