2 0.36953125 0.6796875 0.19609375 0.25078125
1 0.39609375 0.25390625 0.1921875 0.325
1 0.56953125 0.7796875 0.17109375 0.2765625
1 0.7578125 0.8515625 0.134375 0.246875
0 0.6578125 0.928125 0.059375 0.140625
0 0.57734375 0.9515625 0.10234375 0.0953125
3 0.09375 0.78984375 0.0953125 0.225
3 0.28046875 0.8 0.13125 0.1421875
2 0.165625 0.28828125 0.16640625 0.278125
1 0.17578125 0.525 0.11328125 0.26640625
3 0.53984375 0.240625 0.0796875 0.240625
3 0.6796875 0.0515625 0.1015625 0.09921875
3 0.85234375 0.1359375 0.07734375 0.2578125
3 0.26484375 0.55703125 0.06953125 0.32421875