0 0.39765625 0.821875 0.06171875 0.12578125
0 0.30078125 0.89375 0.07734375 0.16015625
0 0.184375 0.88046875 0.06015625 0.13203125
0 0.08359375 0.90625 0.03984375 0.12578125
0 0.06328125 0.953125 0.0453125 0.09296875
0 0.13515625 0.89765625 0.03671875 0.059375
0 0.125 0.85078125 0.04140625 0.09296875
0 0.096875 0.7421875 0.05703125 0.16328125
0 0.16640625 0.78125 0.0421875 0.16171875
0 0.19296875 0.71015625 0.0625 0.14375
0 0.0609375 0.65859375 0.05 0.13359375
0 0.11640625 0.61171875 0.06171875 0.0984375
0 0.20703125 0.82578125 0.04296875 0.08125
0 0.1984375 0.96875 0.075 0.0625