0 0.890625 0.840625 0.1265625 0.1125
2 0.903125 0.1328125 0.16015625 0.26484375
1 0.55859375 0.346875 0.15703125 0.19375
0 0.2703125 0.05234375 0.08125 0.10390625
3 0.33515625 0.43359375 0.05703125 0.29453125
3 0.2796875 0.58515625 0.078125 0.27734375
0 0.5875 0.66484375 0.09765625 0.234375
0 0.653125 0.646875 0.1015625 0.14921875
0 0.6234375 0.5421875 0.071875 0.15703125
0 0.67734375 0.48828125 0.0609375 0.09453125
0 0.50078125 0.56796875 0.059375 0.1
0 0.4703125 0.478125 0.08671875 0.1578125
0 0.37421875 0.596875 0.071875 0.1234375
1 0.2171875 0.5265625 0.1515625 0.28828125
1 0.746875 0.9328125 0.0890625 0.134375
1 0.340625 0.9046875 0.18203125 0.190625
2 0.91015625 0.46875 0.140625 0.17734375
0 0.51328125 0.6890625 0.0859375 0.1203125