0 0.15234375 0.73359375 0.07421875 0.109375
1 0.5765625 0.7375 0.13515625 0.38671875
1 0.215625 0.81484375 0.09375 0.2703125
0 0.4625 0.2734375 0.096875 0.17578125
0 0.46875 0.81875 0.10078125 0.1359375
1 0.4109375 0.4953125 0.11484375 0.2953125
0 0.74609375 0.3015625 0.08125 0.12578125
2 0.9046875 0.62734375 0.11328125 0.23671875
3 0.71953125 0.47578125 0.08046875 0.15703125
0 0.7 0.23046875 0.07109375 0.1109375
0 0.81640625 0.959375 0.09765625 0.08125
3 0.25234375 0.5390625 0.20078125 0.24921875
0 0.6359375 0.03984375 0.0734375 0.07890625
3 0.2703125 0.97109375 0.18125 0.05546875
0 0.70390625 0.91015625 0.06484375 0.16796875
0 0.825 0.8578125 0.0671875 0.1546875
1 0.81953125 0.3859375 0.075 0.2671875
0 0.8609375 0.18984375 0.0703125 0.13671875
0 0.65703125 0.1390625 0.09296875 0.13671875
3 0.26484375 0.3796875 0.1703125 0.1609375