1 0.63828125 0.87421875 0.1609375 0.24140625
1 0.68046875 0.6375 0.121875 0.24375
3 0.3578125 0.571875 0.18828125 0.2203125
0 0.05859375 0.42578125 0.06171875 0.1453125
1 0.72890625 0.103125 0.14921875 0.20390625
3 0.1 0.29453125 0.07578125 0.240625
0 0.45 0.83046875 0.0765625 0.1484375
0 0.4078125 0.2765625 0.06484375 0.1046875
0 0.88828125 0.9109375 0.07421875 0.13671875
3 0.1703125 0.50078125 0.1890625 0.16796875
0 0.75078125 0.67734375 0.04765625 0.0703125
0 0.515625 0.81015625 0.08046875 0.19453125
0 0.540625 0.69296875 0.11484375 0.284375
1 0.61640625 0.26640625 0.1953125 0.22890625
0 0.890625 0.09921875 0.07734375 0.140625
0 0.7625 0.3359375 0.0703125 0.1828125
2 0.35390625 0.7703125 0.1671875 0.19296875
0 0.07734375 0.0984375 0.0671875 0.16328125
3 0.33515625 0.28203125 0.1484375 0.3015625
3 0.1984375 0.221875 0.1484375 0.253125
3 0.23125 0.06875 0.171875 0.13671875