3 0.325 0.21953125 0.2 0.2109375
0 0.39375 0.06875 0.09375 0.1375
3 0.2703125 0.54140625 0.15703125 0.1234375
0 0.1734375 0.58828125 0.0625 0.15859375
1 0.16640625 0.88125 0.10078125 0.23671875
1 0.2125 0.934375 0.0921875 0.13046875
0 0.10546875 0.9578125 0.06015625 0.084375
0 0.49921875 0.7890625 0.0671875 0.12421875
0 0.57421875 0.7734375 0.12890625 0.24765625
3 0.7609375 0.7609375 0.18046875 0.16171875
0 0.68203125 0.45625 0.09296875 0.10234375
1 0.66875 0.278125 0.1609375 0.26796875
2 0.6515625 0.07265625 0.16640625 0.1453125
3 0.6546875 0.6171875 0.18984375 0.21015625