3 0.134375 0.87421875 0.15 0.10625
1 0.303125 0.90390625 0.1875 0.1328125
0 0.45078125 0.85859375 0.1484375 0.1046875
0 0.4046875 0.7109375 0.29375 0.1796875
0 0.3140625 0.79453125 0.09375 0.0578125
0 0.446875 0.51796875 0.121875 0.075
0 0.4640625 0.4375 0.24375 0.0921875
0 0.05 0.2140625 0.1 0.078125
3 0.08203125 0.303125 0.128125 0.1125
3 0.496875 0.1921875 0.18125 0.053125
3 0.71015625 0.16171875 0.2125 0.0625
0 0.71171875 0.3328125 0.1453125 0.075
0 0.753125 0.85546875 0.146875 0.08125
0 0.7359375 0.7140625 0.2140625 0.1234375
1 0.94609375 0.28125 0.10625 0.096875
1 0.93359375 0.4265625 0.1328125 0.125
1 0.7953125 0.49140625 0.14375 0.103125
1 0.596875 0.740625 0.14375 0.084375