1 0.45234375 0.2859375 0.1921875 0.2953125
1 0.11875 0.50078125 0.13046875 0.27109375
1 0.43046875 0.73046875 0.2296875 0.240625
2 0.32734375 0.125 0.12890625 0.24375
1 0.2953125 0.30859375 0.1203125 0.26953125
2 0.73828125 0.840625 0.16875 0.234375
1 0.26328125 0.49609375 0.1703125 0.271875
0 0.5171875 0.85703125 0.13203125 0.26484375
0 0.76484375 0.98125 0.05234375 0.0375
0 0.634375 0.76640625 0.065625 0.16484375
0 0.04453125 0.6171875 0.05 0.1390625
0 0.203125 0.30390625 0.08125 0.1359375
0 0.96484375 0.090625 0.03203125 0.09765625