1 0.11796875 0.27265625 0.23125 0.159375
3 0.40703125 0.33671875 0.40625 0.21875
0 0.3921875 0.2484375 0.171875 0.0734375
0 0.31875 0.49921875 0.16875 0.059375
3 0.04765625 0.8 0.0953125 0.128125
2 0.365625 0.62265625 0.23125 0.08125
0 0.753125 0.3875 0.153125 0.065625
2 0.6171875 0.4125 0.1796875 0.1
0 0.734375 0.51328125 0.159375 0.0734375
0 0.7859375 0.63125 0.1671875 0.08125
1 0.57265625 0.83125 0.196875 0.128125
0 0.5109375 0.75234375 0.159375 0.078125
0 0.3796875 0.53984375 0.11875 0.0875
1 0.79765625 0.88125 0.2828125 0.11875
0 0.95078125 0.62421875 0.096875 0.084375