1 0.26875 0.54609375 0.18125 0.35234375
1 0.684375 0.45859375 0.1734375 0.26171875
1 0.4203125 0.31796875 0.15859375 0.33125
1 0.44453125 0.7046875 0.17578125 0.16875
1 0.75390625 0.80703125 0.15390625 0.29296875
0 0.58125 0.3046875 0.09296875 0.1546875
0 0.16171875 0.38125 0.0703125 0.1140625
0 0.57421875 0.675 0.05859375 0.1015625
0 0.35078125 0.88515625 0.16953125 0.2265625
0 0.8421875 0.821875 0.0796875 0.125
0 0.96328125 0.3453125 0.04609375 0.13046875
2 0.875 0.4234375 0.0796875 0.28046875
0 0.18828125 0.93515625 0.08125 0.12578125
0 0.871875 0.08828125 0.08046875 0.165625
0 0.80859375 0.3140625 0.071875 0.1390625
0 0.16015625 0.06171875 0.0828125 0.10078125
3 0.165625 0.28671875 0.1234375 0.13125
3 0.66015625 0.86640625 0.05 0.24375
3 0.846875 0.66640625 0.10390625 0.24375