1 0.87734375 0.48828125 0.1390625 0.2546875
0 0.25546875 0.51953125 0.07421875 0.1390625
1 0.12421875 0.484375 0.13828125 0.32265625
0 0.728125 0.3640625 0.13984375 0.30078125
1 0.79375 0.93515625 0.17421875 0.12734375
3 0.58984375 0.32890625 0.1421875 0.15859375
3 0.284375 0.13515625 0.05703125 0.24609375
0 0.53828125 0.021875 0.0875 0.04296875
3 0.70234375 0.26484375 0.1 0.1703125
3 0.83046875 0.728125 0.096875 0.29375
0 0.94765625 0.2109375 0.0640625 0.10546875
2 0.634375 0.7421875 0.228125 0.39453125
2 0.55546875 0.93125 0.1328125 0.1375