1 0.775 0.25703125 0.140625 0.33984375
0 0.26328125 0.653125 0.08359375 0.14609375
0 0.2078125 0.5640625 0.08984375 0.1421875
0 0.12734375 0.55859375 0.04296875 0.121875
3 0.8109375 0.9015625 0.10234375 0.1890625
1 0.8078125 0.04375 0.12578125 0.0875
1 0.2390625 0.86875 0.20625 0.2625
0 0.16953125 0.46796875 0.06796875 0.12890625
1 0.121875 0.88671875 0.13046875 0.22265625
3 0.3921875 0.15390625 0.07890625 0.29296875
0 0.74921875 0.90859375 0.0734375 0.14296875
1 0.50859375 0.121875 0.19140625 0.23984375
1 0.43203125 0.5 0.12421875 0.24296875
0 0.3375 0.07578125 0.0703125 0.14921875
0 0.690625 0.82734375 0.096875 0.17734375
0 0.44765625 0.80546875 0.1 0.1734375
1 0.2328125 0.13046875 0.165625 0.18515625
0 0.3765625 0.29765625 0.04375 0.103125