0 0.41875 0.49921875 0.07421875 0.16171875
1 0.6328125 0.1015625 0.1765625 0.203125
0 0.059375 0.115625 0.06796875 0.15
0 0.11796875 0.50234375 0.04296875 0.08828125
0 0.29140625 0.928125 0.06953125 0.10390625
0 0.06484375 0.48203125 0.07109375 0.14375
0 0.2625 0.77109375 0.0703125 0.18125
0 0.19609375 0.77109375 0.059375 0.14609375
3 0.79921875 0.89453125 0.065625 0.20234375
0 0.75859375 0.26484375 0.0640625 0.115625
0 0.15546875 0.62265625 0.0703125 0.11953125
0 0.3171875 0.57421875 0.10390625 0.16484375
2 0.21640625 0.25859375 0.0984375 0.275
0 0.28671875 0.34296875 0.0578125 0.13203125
3 0.81953125 0.715625 0.153125 0.209375
0 0.91875 0.37890625 0.053125 0.10390625
3 0.9328125 0.284375 0.05703125 0.14609375