1 0.5359375 0.3484375 0.11953125 0.28828125
2 0.240625 0.49375 0.14609375 0.3359375
0 0.71328125 0.59375 0.06640625 0.11953125
3 0.33359375 0.171875 0.1640625 0.121875
0 0.16640625 0.97109375 0.0546875 0.0578125
1 0.55078125 0.10390625 0.14375 0.2078125
0 0.84921875 0.64453125 0.0578125 0.15234375
1 0.671875 0.125 0.13515625 0.16484375
1 0.35625 0.0625 0.16875 0.121875
0 0.53671875 0.93359375 0.09453125 0.13046875
1 0.10859375 0.51953125 0.1234375 0.3234375
0 0.68828125 0.27421875 0.08515625 0.12890625
0 0.715625 0.8546875 0.08828125 0.1734375