2 0.271875 0.14609375 0.228125 0.290625
3 0.278125 0.3203125 0.121875 0.19375
0 0.21875 0.7609375 0.0703125 0.1046875
3 0.0921875 0.69140625 0.1734375 0.4203125
3 0.3265625 0.88828125 0.103125 0.1875
1 0.4171875 0.69140625 0.171875 0.328125
0 0.496875 0.76328125 0.078125 0.146875
0 0.56328125 0.8140625 0.0765625 0.1546875
0 0.684375 0.9078125 0.0734375 0.103125
0 0.8171875 0.85625 0.065625 0.15625
3 0.365625 0.521875 0.15625 0.20625
3 0.578125 0.5671875 0.0890625 0.171875
0 0.6140625 0.41640625 0.096875 0.159375
1 0.72265625 0.346875 0.1625 0.365625
0 0.8515625 0.27421875 0.06875 0.134375
3 0.66953125 0.12421875 0.140625 0.096875
1 0.5546875 0.071875 0.096875 0.14375
3 0.01328125 0.04765625 0.0171875 0.0953125