1 0.63046875 0.8265625 0.090625 0.14375
0 0.13359375 0.759375 0.1125 0.08125
2 0.11328125 0.86171875 0.2265625 0.1265625
2 0.06171875 0.72890625 0.1234375 0.146875
0 0.03359375 0.79921875 0.065625 0.0546875
3 0.51796875 0.67421875 0.2625 0.0828125
3 0.50078125 0.6125 0.303125 0.11875
1 0.26875 0.51328125 0.246875 0.196875
0 0.06328125 0.37578125 0.1265625 0.1234375
1 0.1078125 0.25625 0.215625 0.125
1 0.33671875 0.18671875 0.328125 0.0796875
2 0.33828125 0.2734375 0.33125 0.140625
3 0.559375 0.9296875 0.253125 0.0765625
0 0.775 0.69140625 0.278125 0.1234375
0 0.9 0.609375 0.171875 0.065625
0 0.89453125 0.54296875 0.121875 0.0734375
1 0.94921875 0.7859375 0.1015625 0.134375
2 0.884375 0.8671875 0.23125 0.0796875