1 0.82265625 0.8734375 0.2703125 0.1828125
2 0.74140625 0.65 0.321875 0.1265625
1 0.77109375 0.55703125 0.28125 0.1984375
1 0.31328125 0.490625 0.215625 0.16875
0 0.11875 0.35625 0.18125 0.103125
0 0.90546875 0.2515625 0.125 0.071875
0 0.1078125 0.715625 0.121875 0.084375
0 0.09140625 0.8265625 0.178125 0.05
1 0.42421875 0.37890625 0.234375 0.0796875
0 0.53671875 0.5 0.153125 0.1
0 0.6703125 0.26796875 0.121875 0.0703125
3 0.4796875 0.2828125 0.234375 0.071875
1 0.696875 0.184375 0.2296875 0.125
0 0.521875 0.32578125 0.1640625 0.109375
1 0.0625 0.9203125 0.125 0.125
0 0.1265625 0.54453125 0.075 0.0875
1 0.9359375 0.86328125 0.1265625 0.146875