2 0.47421875 0.3390625 0.1375 0.353125
2 0.65625 0.71484375 0.1046875 0.2203125
0 0.9 0.89296875 0.0828125 0.1765625
3 0.621875 0.953125 0.1375 0.09375
0 0.3765625 0.7578125 0.0875 0.259375
0 0.50078125 0.85703125 0.09375 0.15625
3 0.27265625 0.79375 0.084375 0.2609375
3 0.18671875 0.715625 0.0875 0.3234375
1 0.19296875 0.44296875 0.165625 0.15625
0 0.39140625 0.12421875 0.10625 0.175
3 0.6359375 0.32109375 0.1578125 0.3671875
3 0.5484375 0.07421875 0.1375 0.1484375
3 0.88046875 0.1203125 0.0515625 0.240625