3 0.78515625 0.64296875 0.09375 0.2703125
3 0.7109375 0.47734375 0.15078125 0.12734375
3 0.740625 0.06640625 0.096875 0.1328125
0 0.65703125 0.7 0.08203125 0.20234375
0 0.15390625 0.53515625 0.065625 0.11796875
0 0.20234375 0.575 0.053125 0.08359375
0 0.46953125 0.41953125 0.0734375 0.09140625
3 0.596875 0.93515625 0.159375 0.1296875
3 0.921875 0.68671875 0.10390625 0.22578125
0 0.60390625 0.51484375 0.07265625 0.1515625
3 0.26484375 0.59296875 0.1296875 0.2578125
3 0.175 0.08359375 0.0875 0.1671875