1 0.3953125 0.26953125 0.17734375 0.3125
3 0.61875 0.19765625 0.234375 0.16015625
3 0.80234375 0.22578125 0.13671875 0.228125
2 0.19296875 0.0671875 0.12890625 0.13359375
0 0.2609375 0.20234375 0.05 0.10859375
3 0.31015625 0.64921875 0.08046875 0.3515625
0 0.42109375 0.67578125 0.07265625 0.1265625
0 0.37578125 0.73359375 0.06875 0.18984375
0 0.0875 0.86015625 0.0765625 0.153125
3 0.1546875 0.8375 0.06015625 0.11953125
2 0.4609375 0.9171875 0.16015625 0.165625
0 0.58203125 0.85078125 0.11015625 0.14453125
2 0.63046875 0.9546875 0.0921875 0.090625
2 0.715625 0.89609375 0.1625 0.2078125
0 0.8640625 0.74765625 0.05390625 0.1515625
0 0.89921875 0.5140625 0.0578125 0.13359375
0 0.63984375 0.6 0.08359375 0.1265625