0 0.13359375 0.6 0.07578125 0.1140625
0 0.40703125 0.16640625 0.0546875 0.10546875
0 0.6625 0.57578125 0.059375 0.13828125
0 0.31640625 0.2234375 0.0640625 0.15078125
0 0.1453125 0.4 0.04921875 0.15
0 0.27109375 0.7890625 0.05234375 0.140625
0 0.265625 0.246875 0.08125 0.215625
0 0.13515625 0.44609375 0.0328125 0.06796875
0 0.19609375 0.58359375 0.040625 0.1015625
0 0.18203125 0.53359375 0.05625 0.09453125
0 0.8234375 0.4828125 0.0734375 0.1640625
0 0.73359375 0.37109375 0.06484375 0.1234375
0 0.803125 0.34921875 0.08046875 0.103125
0 0.68984375 0.86484375 0.078125 0.11171875
0 0.13125 0.88828125 0.09609375 0.2234375
0 0.3515625 0.89921875 0.06953125 0.11796875
0 0.3046875 0.80234375 0.06484375 0.1171875
0 0.13671875 0.67109375 0.078125 0.09296875
0 0.2921875 0.63984375 0.078125 0.13828125
0 0.371875 0.76640625 0.109375 0.17578125
0 0.4234375 0.821875 0.084375 0.12109375
0 0.5671875 0.87578125 0.153125 0.2484375
0 0.6234375 0.775 0.03671875 0.11796875
0 0.52890625 0.715625 0.05234375 0.07890625
0 0.39375 0.63671875 0.04375 0.09453125
0 0.41015625 0.69609375 0.0328125 0.065625
0 0.50234375 0.57890625 0.0546875 0.084375
0 0.578125 0.63984375 0.075 0.12578125
0 0.60703125 0.53515625 0.103125 0.14140625
0 0.62890625 0.38984375 0.08515625 0.16953125
0 0.584375 0.28125 0.059375 0.11953125
0 0.5578125 0.35703125 0.07734375 0.1453125
0 0.58046875 0.40625 0.05859375 0.08515625
3 0.4625 0.0796875 0.1390625 0.11171875
0 0.525 0.25703125 0.0640625 0.1140625
0 0.1703125 0.2 0.05 0.090625
0 0.19375 0.265625 0.03359375 0.06796875
0 0.29609375 0.4046875 0.0609375 0.16796875
0 0.346875 0.55390625 0.121875 0.1421875
0 0.3515625 0.290625 0.06484375 0.20546875
0 0.4546875 0.3078125 0.0375 0.090625