1 0.54921875 0.5875 0.1734375 0.3453125
2 0.7625 0.30234375 0.10078125 0.23203125
3 0.67265625 0.09453125 0.146875 0.115625
0 0.76796875 0.475 0.06171875 0.14765625
0 0.6578125 0.44140625 0.06171875 0.14453125
0 0.70390625 0.67578125 0.07265625 0.12578125
2 0.140625 0.8453125 0.1125 0.309375
0 0.059375 0.52109375 0.05546875 0.1015625
0 0.05078125 0.31796875 0.04921875 0.14765625
0 0.21640625 0.8984375 0.0625 0.09453125
1 0.4359375 0.93828125 0.1796875 0.1171875
1 0.61328125 0.85390625 0.1828125 0.2109375