1 0.528125 0.6625 0.21171875 0.2984375
3 0.60546875 0.54296875 0.21484375 0.140625
1 0.59921875 0.24140625 0.2375 0.18515625
3 0.63125 0.06328125 0.16875 0.1265625
3 0.17421875 0.47578125 0.11640625 0.32109375
0 0.26015625 0.4703125 0.09296875 0.18359375
0 0.36640625 0.59765625 0.10859375 0.2015625
0 0.9046875 0.52265625 0.0734375 0.16640625
3 0.8625 0.7703125 0.13671875 0.19453125
1 0.23984375 0.903125 0.16484375 0.19375
0 0.7171875 0.93828125 0.0671875 0.1046875
3 0.4421875 0.390625 0.2140625 0.1765625
0 0.1828125 0.2546875 0.0734375 0.115625
3 0.74453125 0.8078125 0.196875 0.28359375