1 0.31484375 0.71640625 0.159375 0.334375
1 0.36328125 0.39609375 0.203125 0.225
1 0.5765625 0.18046875 0.2375 0.2171875
0 0.5671875 0.7796875 0.08125 0.1390625
0 0.73203125 0.81875 0.0984375 0.1125
0 0.62890625 0.6578125 0.05625 0.146875
0 0.11640625 0.32890625 0.0515625 0.146875
1 0.678125 0.35703125 0.096875 0.1375
2 0.14296875 0.83984375 0.065625 0.23125
3 0.15078125 0.60390625 0.1109375 0.2265625
3 0.18125 0.5296875 0.0921875 0.190625
3 0.6171875 0.94140625 0.2125 0.1171875
0 0.4953125 0.36796875 0.09375 0.15625