3 0.42421875 0.46640625 0.153125 0.19765625
1 0.24765625 0.2796875 0.17578125 0.23203125
0 0.5015625 0.08046875 0.13515625 0.16015625
1 0.64375 0.125 0.165625 0.25
0 0.77890625 0.16015625 0.0984375 0.1140625
3 0.86640625 0.13125 0.11796875 0.13671875
0 0.71796875 0.290625 0.12890625 0.28359375
1 0.778125 0.68125 0.128125 0.3296875
2 0.540625 0.85546875 0.2125 0.22421875
2 0.42578125 0.8828125 0.1359375 0.234375
3 0.21640625 0.6140625 0.11875 0.34921875
3 0.26875 0.82421875 0.12578125 0.2796875
3 0.09765625 0.7015625 0.05859375 0.11171875