1 0.7953125 0.37578125 0.14140625 0.28359375
1 0.915625 0.85703125 0.1359375 0.2375
1 0.09296875 0.8984375 0.10078125 0.203125
0 0.22578125 0.79921875 0.06328125 0.14296875
0 0.9203125 0.42734375 0.0484375 0.08671875
0 0.88671875 0.3140625 0.053125 0.13984375
2 0.409375 0.7328125 0.1640625 0.25546875
0 0.74453125 0.234375 0.075 0.15078125
0 0.65 0.896875 0.06015625 0.1078125
1 0.51640625 0.77421875 0.16796875 0.33046875
3 0.7734375 0.83515625 0.128125 0.115625
0 0.67890625 0.54765625 0.06875 0.1671875
1 0.53046875 0.2484375 0.221875 0.27265625
2 0.37578125 0.19296875 0.10546875 0.2734375
2 0.25546875 0.1765625 0.13203125 0.171875