2 0.825 0.1921875 0.1421875 0.21328125
1 0.38359375 0.7140625 0.18203125 0.24765625
2 0.609375 0.078125 0.178125 0.1484375
3 0.37265625 0.25234375 0.09140625 0.23828125
1 0.25625 0.84296875 0.171875 0.3
1 0.1078125 0.825 0.12578125 0.346875
0 0.68203125 0.971875 0.09296875 0.05546875
0 0.190625 0.6625 0.1015625 0.159375
0 0.7515625 0.9515625 0.065625 0.096875
0 0.61796875 0.46640625 0.08359375 0.14921875
3 0.77890625 0.0625 0.134375 0.115625
0 0.675 0.2640625 0.03125 0.09453125
0 0.19765625 0.20625 0.0671875 0.16171875
3 0.21328125 0.0984375 0.1765625 0.196875