3 0.6671875 0.3453125 0.12421875 0.2390625
3 0.159375 0.68671875 0.06484375 0.26015625
3 0.24296875 0.26953125 0.13515625 0.28828125
0 0.32421875 0.61328125 0.08046875 0.13359375
2 0.53125 0.86484375 0.159375 0.26796875
0 0.87734375 0.07890625 0.0671875 0.14609375
1 0.4859375 0.13359375 0.15703125 0.23984375
2 0.359375 0.3203125 0.15703125 0.3
1 0.58125 0.12421875 0.09375 0.24609375
3 0.50703125 0.3234375 0.15625 0.2609375
0 0.25 0.64296875 0.0671875 0.128125
0 0.915625 0.459375 0.06015625 0.15859375
3 0.75625 0.29765625 0.16015625 0.20625
3 0.690625 0.84921875 0.1015625 0.2953125
3 0.40546875 0.63515625 0.0828125 0.1671875