0 0.72734375 0.82109375 0.0890625 0.11875
3 0.915625 0.50390625 0.0578125 0.246875
0 0.421875 0.9 0.084375 0.10625
0 0.26328125 0.83515625 0.0453125 0.15
0 0.109375 0.746875 0.0625 0.1203125
3 0.0703125 0.9484375 0.071875 0.103125
3 0.35390625 0.78046875 0.1390625 0.3125
3 0.8171875 0.89765625 0.075 0.1984375
0 0.5125 0.2515625 0.084375 0.125
0 0.42578125 0.26953125 0.084375 0.0625
2 0.621875 0.33046875 0.15625 0.128125
1 0.8109375 0.0765625 0.1671875 0.153125
0 0.4390625 0.36328125 0.0796875 0.128125
3 0.21328125 0.28046875 0.0546875 0.08125
2 0.50859375 0.1 0.1046875 0.2