1 0.32421875 0.19921875 0.196875 0.16875
0 0.61953125 0.1765625 0.30625 0.1625
3 0.61015625 0.41328125 0.1734375 0.2140625
1 0.840625 0.30859375 0.259375 0.1390625
2 0.9234375 0.2484375 0.153125 0.153125
1 0.94765625 0.1234375 0.1046875 0.084375
2 0.86484375 0.88359375 0.2703125 0.1375
0 0.6015625 0.740625 0.15625 0.08125
0 0.46015625 0.853125 0.146875 0.05625
2 0.22578125 0.64765625 0.1734375 0.1875
2 0.1828125 0.7609375 0.18125 0.1609375
0 0.30625 0.490625 0.1640625 0.0875
1 0.0859375 0.5328125 0.171875 0.16875
3 0.82578125 0.05546875 0.0953125 0.0671875
1 0.890625 0.76953125 0.21875 0.090625