1 0.48984375 0.7875 0.3453125 0.1328125
1 0.04375 0.2625 0.0875 0.146875
1 0.90625 0.2265625 0.1875 0.140625
1 0.90390625 0.0859375 0.190625 0.1328125
1 0.065625 0.40859375 0.13125 0.165625
2 0.58828125 0.90625 0.3 0.125
0 0.5984375 0.7125 0.209375 0.0875
0 0.8046875 0.809375 0.109375 0.0765625
0 0.9703125 0.39375 0.059375 0.065625
0 0.6375 0.17421875 0.171875 0.075
0 0.48125 0.56875 0.1515625 0.0875
3 0.73359375 0.5171875 0.33125 0.084375
3 0.6484375 0.61328125 0.3875 0.125
0 0.10234375 0.89765625 0.14375 0.0796875
0 0.190625 0.17421875 0.2921875 0.109375
3 0.89453125 0.6453125 0.209375 0.0765625