2 0.26015625 0.09609375 0.1484375 0.18125
1 0.240625 0.91953125 0.16875 0.1609375
1 0.61953125 0.0921875 0.17109375 0.18125
1 0.465625 0.7140625 0.13515625 0.25625
1 0.41640625 0.2984375 0.215625 0.32578125
1 0.08515625 0.1375 0.096875 0.259375
0 0.2421875 0.81171875 0.08125 0.11796875
0 0.690625 0.90390625 0.07265625 0.175
0 0.54765625 0.66171875 0.040625 0.11171875
3 0.978125 0.1703125 0.04375 0.2140625
0 0.9609375 0.03359375 0.034375 0.0671875
2 0.63828125 0.3625 0.19375 0.23125
0 0.35078125 0.89375 0.071875 0.15