1 0.19921875 0.67578125 0.16875 0.196875
0 0.1765625 0.38046875 0.1640625 0.3078125
3 0.41328125 0.38984375 0.2140625 0.1734375
1 0.30859375 0.159375 0.1390625 0.259375
2 0.2484375 0.0765625 0.153125 0.153125
1 0.1234375 0.05234375 0.084375 0.1046875
2 0.88359375 0.13515625 0.1375 0.2703125
0 0.740625 0.3984375 0.08125 0.15625
0 0.853125 0.53984375 0.05625 0.146875
2 0.64765625 0.77421875 0.1875 0.1734375
2 0.7609375 0.8171875 0.159375 0.18125
0 0.490625 0.69375 0.0875 0.1640625
1 0.5328125 0.9140625 0.16875 0.171875
3 0.05546875 0.17421875 0.0671875 0.0953125
1 0.76953125 0.109375 0.090625 0.21875