1 0.24296875 0.215625 0.165625 0.2671875
0 0.2375 0.05703125 0.084375 0.10703125
3 0.7734375 0.07109375 0.14296875 0.13046875
1 0.10703125 0.215625 0.1203125 0.1828125
3 0.34140625 0.48671875 0.1484375 0.28046875
0 0.43203125 0.60078125 0.0953125 0.121875
2 0.52421875 0.45859375 0.11328125 0.2015625
3 0.06953125 0.66484375 0.0765625 0.24375
0 0.85546875 0.46015625 0.08203125 0.17578125
3 0.5671875 0.93515625 0.0765625 0.12890625
0 0.0875 0.95078125 0.065625 0.0984375
0 0.6125 0.07265625 0.0828125 0.1453125