1 0.75078125 0.08828125 0.20234375 0.1765625
0 0.8578125 0.4328125 0.1453125 0.2796875
0 0.94765625 0.521875 0.05 0.13046875
3 0.75234375 0.6609375 0.08203125 0.3984375
1 0.54609375 0.8796875 0.2203125 0.19453125
1 0.63515625 0.61875 0.21640625 0.30078125
0 0.49296875 0.496875 0.125 0.26484375
2 0.34296875 0.81875 0.1171875 0.3625
3 0.1109375 0.8515625 0.1109375 0.296875
0 0.23515625 0.47890625 0.04765625 0.1015625
1 0.09453125 0.346875 0.12734375 0.28125
0 0.3703125 0.33515625 0.1671875 0.33046875
0 0.25859375 0.27734375 0.08203125 0.12109375
1 0.26015625 0.29453125 0.13125 0.21953125
0 0.19375 0.24140625 0.04921875 0.08671875
1 0.4546875 0.12109375 0.2 0.2421875
1 0.61953125 0.19296875 0.14609375 0.21015625