1 0.44375 0.29140625 0.15703125 0.3140625
0 0.12578125 0.8328125 0.05390625 0.11015625
2 0.3921875 0.92265625 0.15859375 0.1546875
0 0.83359375 0.0234375 0.05 0.04453125
3 0.93671875 0.05 0.0703125 0.09921875
0 0.8484375 0.33359375 0.06328125 0.15078125
0 0.809375 0.9421875 0.06640625 0.11484375
3 0.97734375 0.2234375 0.04296875 0.22109375
1 0.2390625 0.50703125 0.1328125 0.2765625
0 0.675 0.71328125 0.03671875 0.1171875
2 0.53125 0.92421875 0.1625 0.1515625
0 0.58359375 0.39921875 0.13828125 0.278125
3 0.6015625 0.6265625 0.12265625 0.275
3 0.79140625 0.74765625 0.1265625 0.18984375
3 0.675 0.12265625 0.1515625 0.2453125
2 0.4921875 0.08125 0.14296875 0.103125