1 0.8796875 0.74453125 0.209375 0.1140625
3 0.70390625 0.59375 0.3734375 0.0953125
0 0.90234375 0.490625 0.15 0.109375
2 0.6765625 0.46953125 0.15 0.1484375
0 0.94375 0.32734375 0.1125 0.065625
1 0.95390625 0.43203125 0.0921875 0.1390625
1 0.11796875 0.1671875 0.2359375 0.1546875
1 0.13125 0.47890625 0.23125 0.16875
0 0.30546875 0.1546875 0.13125 0.0859375
0 0.18671875 0.1859375 0.09375 0.053125
0 0.2453125 0.5921875 0.1703125 0.096875
0 0.96328125 0.659375 0.0734375 0.075
0 0.95390625 0.096875 0.0828125 0.0375