1 0.615625 0.61171875 0.2140625 0.2296875
1 0.57578125 0.85 0.15546875 0.18359375
1 0.89140625 0.76875 0.1515625 0.278125
1 0.2609375 0.80234375 0.14453125 0.23046875
3 0.171875 0.64765625 0.09765625 0.20703125
1 0.38984375 0.64921875 0.15703125 0.21953125
3 0.48828125 0.18203125 0.15390625 0.12734375
0 0.1859375 0.19296875 0.05625 0.103125
1 0.2953125 0.03984375 0.1671875 0.0796875
0 0.82890625 0.2515625 0.0578125 0.13125
1 0.56171875 0.9625 0.1578125 0.07421875
0 0.24453125 0.1046875 0.0640625 0.0984375
0 0.68359375 0.78125 0.06875 0.16953125
0 0.71953125 0.153125 0.0671875 0.109375
3 0.521875 0.2828125 0.159375 0.12890625
0 0.8953125 0.5984375 0.0671875 0.13828125
0 0.58359375 0.43203125 0.05546875 0.140625
3 0.959375 0.96796875 0.04296875 0.06328125
0 0.165625 0.79296875 0.06796875 0.11015625
3 0.70390625 0.36484375 0.17421875 0.3234375
0 0.90390625 0.290625 0.0625 0.10234375