3 0.87421875 0.865625 0.10546875 0.14921875
1 0.90390625 0.696875 0.13203125 0.1875
0 0.85859375 0.54921875 0.1046875 0.1484375
0 0.7109375 0.5953125 0.17890625 0.29375
0 0.79453125 0.6859375 0.05703125 0.09296875
0 0.51796875 0.553125 0.075 0.12109375
0 0.4375 0.5359375 0.0921875 0.24375
0 0.2140625 0.95 0.078125 0.1
3 0.303125 0.91796875 0.11171875 0.12890625
3 0.1921875 0.503125 0.05390625 0.18203125
3 0.16171875 0.28984375 0.0625 0.21328125
0 0.3328125 0.28828125 0.07421875 0.1453125
0 0.85546875 0.246875 0.08125 0.14765625
0 0.7140625 0.2640625 0.1234375 0.2140625
1 0.28125 0.05390625 0.09765625 0.10703125
1 0.4265625 0.06640625 0.125 0.1328125
1 0.49140625 0.2046875 0.10234375 0.14296875
1 0.740625 0.403125 0.08359375 0.14375