3 0.13046875 0.46328125 0.1125 0.221875
1 0.3140625 0.9375 0.1578125 0.125
1 0.2890625 0.715625 0.09140625 0.3125
3 0.53515625 0.9359375 0.159375 0.128125
3 0.7671875 0.8453125 0.121875 0.14765625
3 0.684375 0.8046875 0.12265625 0.09140625
0 0.803125 0.70078125 0.05390625 0.1078125
1 0.56484375 0.69765625 0.15078125 0.33828125
0 0.6796875 0.4296875 0.0609375 0.13984375
3 0.490625 0.10625 0.19921875 0.1796875
2 0.45 0.70390625 0.103125 0.23046875
2 0.5859375 0.440625 0.1484375 0.26640625
3 0.8046875 0.45625 0.05859375 0.2359375
3 0.87734375 0.43046875 0.06875 0.215625
0 0.3609375 0.46328125 0.07265625 0.13828125