1 0.20234375 0.4375 0.12890625 0.3140625
2 0.6796875 0.171875 0.23046875 0.3421875
1 0.16953125 0.92109375 0.13671875 0.1546875
1 0.36640625 0.1296875 0.1296875 0.2484375
1 0.92578125 0.92734375 0.09453125 0.14453125
3 0.14296875 0.0953125 0.17421875 0.14375
1 0.4109375 0.4265625 0.1625 0.21171875
3 0.81328125 0.77734375 0.11953125 0.27578125
1 0.44765625 0.96015625 0.1703125 0.078125
1 0.72734375 0.68359375 0.1515625 0.2125
1 0.34453125 0.63984375 0.175 0.37734375
2 0.49765625 0.67578125 0.09609375 0.18671875