0 0.81484375 0.4484375 0.05859375 0.146875
0 0.88359375 0.31796875 0.03984375 0.11328125
0 0.45390625 0.89765625 0.08671875 0.16015625
0 0.115625 0.828125 0.0703125 0.14765625
1 0.11328125 0.609375 0.084375 0.27265625
1 0.75234375 0.10546875 0.16796875 0.2
1 0.58828125 0.0421875 0.11171875 0.08359375
0 0.5828125 0.4078125 0.11171875 0.221875
0 0.37421875 0.21640625 0.140625 0.26015625
1 0.31953125 0.9484375 0.1375 0.103125
3 0.5234375 0.70234375 0.18125 0.221875
2 0.8078125 0.79765625 0.0859375 0.25703125