3 0.98515625 0.0484375 0.01875 0.096875
2 0.91796875 0.3765625 0.046875 0.2140625
0 0.828125 0.16796875 0.065625 0.140625
0 0.70546875 0.27578125 0.0703125 0.165625
0 0.1703125 0.09453125 0.0625 0.0984375
2 0.22109375 0.0546875 0.115625 0.109375
0 0.7375 0.90234375 0.0953125 0.1375
3 0.525 0.9046875 0.18125 0.190625
0 0.4171875 0.8703125 0.0515625 0.134375
1 0.3734375 0.72890625 0.10625 0.35625
0 0.2359375 0.8203125 0.078125 0.1234375
2 0.16171875 0.97109375 0.16875 0.0578125
2 0.2296875 0.46875 0.184375 0.215625
2 0.22265625 0.35078125 0.140625 0.0796875
1 0.48203125 0.21328125 0.165625 0.134375