0 0.34453125 0.95625 0.06484375 0.08671875
0 0.57734375 0.64921875 0.10078125 0.13984375
0 0.6640625 0.8375 0.04453125 0.11640625
2 0.07734375 0.6671875 0.08984375 0.33203125
0 0.8109375 0.94765625 0.0609375 0.09609375
0 0.859375 0.9015625 0.0421875 0.08515625
3 0.58671875 0.8625 0.10703125 0.21875
0 0.2375 0.08515625 0.0671875 0.1625
0 0.0421875 0.03125 0.03046875 0.0625
0 0.08203125 0.0296875 0.0515625 0.059375
1 0.390625 0.15 0.184375 0.3
1 0.53203125 0.09765625 0.1546875 0.19453125
0 0.6359375 0.0453125 0.06875 0.08984375
0 0.690625 0.365625 0.0859375 0.115625
0 0.4953125 0.55859375 0.08984375 0.0609375
0 0.690625 0.63359375 0.07890625 0.14453125
0 0.7296875 0.71875 0.07890625 0.1140625