1 0.66875 0.04375 0.15625 0.0875
3 0.2 0.26484375 0.14921875 0.221875
1 0.5140625 0.13359375 0.18515625 0.2671875
3 0.78046875 0.10546875 0.1453125 0.19375
0 0.15078125 0.7265625 0.0859375 0.14765625
0 0.8453125 0.68828125 0.0484375 0.1234375
3 0.08671875 0.48203125 0.09140625 0.32421875
3 0.86796875 0.62109375 0.1046875 0.1796875
0 0.69296875 0.72265625 0.0828125 0.12421875
2 0.45703125 0.33359375 0.14921875 0.425
0 0.86875 0.09296875 0.05546875 0.134375
3 0.89921875 0.54296875 0.12421875 0.1515625
1 0.6578125 0.5734375 0.18046875 0.2296875
0 0.3359375 0.109375 0.07578125 0.13984375
0 0.32734375 0.26484375 0.1 0.171875