0 0.77890625 0.86640625 0.16875 0.0875
0 0.36640625 0.59609375 0.1828125 0.1578125
0 0.609375 0.5671875 0.134375 0.05625
0 0.06875 0.23046875 0.1125 0.0875
3 0.18359375 0.2734375 0.20625 0.065625
3 0.565625 0.39921875 0.23125 0.1375
3 0.56953125 0.62265625 0.271875 0.059375
0 0.7421875 0.50078125 0.146875 0.084375
2 0.87734375 0.6953125 0.2453125 0.125
0 0.85390625 0.36796875 0.125 0.084375
3 0.8125 0.278125 0.1578125 0.128125
0 0.953125 0.2625 0.084375 0.071875
0 0.396875 0.96640625 0.075 0.0453125