0 0.74140625 0.8140625 0.19375 0.0953125
1 0.85546875 0.6046875 0.2890625 0.1390625
1 0.81328125 0.41171875 0.290625 0.178125
0 0.24140625 0.5109375 0.1375 0.0890625
0 0.14921875 0.559375 0.175 0.0875
0 0.04140625 0.6046875 0.08125 0.071875
0 0.53125 0.30703125 0.1578125 0.078125
0 0.60078125 0.42578125 0.10625 0.090625
0 0.709375 0.46328125 0.109375 0.084375
0 0.7390625 0.68671875 0.13125 0.06875
1 0.61953125 0.16640625 0.3296875 0.153125
0 0.234375 0.2125 0.134375 0.0671875
1 0.41875 0.46328125 0.2390625 0.209375