0 0.16796875 0.046875 0.084375 0.09296875
0 0.3640625 0.06953125 0.07578125 0.12265625
0 0.41171875 0.02734375 0.06953125 0.0546875
0 0.28828125 0.5203125 0.06328125 0.125
0 0.5625 0.05625 0.0640625 0.11171875
0 0.92578125 0.315625 0.06171875 0.1640625
3 0.8046875 0.49140625 0.0859375 0.15
3 0.625 0.53984375 0.09609375 0.25078125
0 0.47734375 0.4109375 0.05078125 0.09296875
0 0.3046875 0.65 0.08828125 0.13984375
0 0.1734375 0.92578125 0.08125 0.1484375
2 0.290625 0.91484375 0.15625 0.1703125
0 0.36640625 0.98515625 0.04921875 0.0296875
0 0.8921875 0.79296875 0.059375 0.10859375
3 0.1046875 0.78125 0.06171875 0.19140625
3 0.75 0.80234375 0.08984375 0.26953125
3 0.20625 0.28984375 0.14140625 0.325
2 0.640625 0.109375 0.096875 0.21875
2 0.52421875 0.5484375 0.1015625 0.24609375
3 0.84609375 0.41328125 0.1078125 0.18828125