3 0.31953125 0.26015625 0.1125 0.153125
0 0.25 0.30546875 0.109375 0.065625
1 0.225 0.3734375 0.26875 0.090625
1 0.6984375 0.5109375 0.38125 0.2515625
2 0.89921875 0.31328125 0.2015625 0.134375
3 0.684375 0.68828125 0.134375 0.1015625
0 0.7296875 0.7453125 0.1484375 0.0875
0 0.89296875 0.74375 0.2140625 0.153125
3 0.9265625 0.85 0.146875 0.0484375
2 0.51875 0.73125 0.325 0.1328125
0 0.434375 0.62578125 0.1125 0.034375
0 0.253125 0.6734375 0.165625 0.090625
0 0.3515625 0.55625 0.19375 0.075
3 0.496875 0.19921875 0.1375 0.109375
1 0.08359375 0.35625 0.1671875 0.1875
1 0.05703125 0.12890625 0.1140625 0.1359375
0 0.03984375 0.22265625 0.0796875 0.0671875
2 0.0828125 0.56796875 0.1625 0.1625
3 0.0578125 0.70078125 0.115625 0.109375
1 0.56875 0.57734375 0.171875 0.1484375
3 0.18828125 0.52421875 0.2375 0.175