1 0.5484375 0.7453125 0.2609375 0.2
1 0.78671875 0.78046875 0.2625 0.1765625
1 0.91484375 0.54921875 0.1703125 0.196875
2 0.85546875 0.36796875 0.2890625 0.1875
1 0.6890625 0.0796875 0.26875 0.1171875
3 0.1453125 0.25625 0.290625 0.09375
0 0.284375 0.51484375 0.175 0.0859375
0 0.4453125 0.528125 0.15625 0.08125
0 0.41875 0.43046875 0.1 0.0765625
3 0.33046875 0.92421875 0.1953125 0.1
0 0.49453125 0.40703125 0.06875 0.059375
1 0.7890625 0.18828125 0.33125 0.153125
0 0.3703125 0.2234375 0.115625 0.059375
0 0.571875 0.23984375 0.13125 0.0578125