3 0.203125 0.40234375 0.18984375 0.2734375
1 0.6125 0.6640625 0.13984375 0.22890625
3 0.36640625 0.53515625 0.0703125 0.23359375
0 0.59296875 0.3703125 0.06875 0.16484375
0 0.43203125 0.375 0.0875 0.125
3 0.67265625 0.4984375 0.11640625 0.1078125
3 0.721875 0.30546875 0.15625 0.3140625
3 0.096875 0.68828125 0.0765625 0.178125
3 0.13203125 0.14765625 0.146875 0.196875
0 0.7078125 0.634375 0.059375 0.13984375
3 0.39375 0.9015625 0.1 0.13515625
0 0.66875 0.09140625 0.059375 0.10390625
3 0.590625 0.02265625 0.07734375 0.04453125
0 0.59921875 0.97890625 0.0859375 0.03984375
0 0.05234375 0.01640625 0.04453125 0.03125
2 0.54296875 0.134375 0.115625 0.26875
3 0.3015625 0.48515625 0.0546875 0.14453125
0 0.04296875 0.55859375 0.0328125 0.10703125