1 0.3078125 0.49375 0.171875 0.22109375
2 0.6375 0.39296875 0.1890625 0.31953125
2 0.85625 0.76953125 0.121875 0.30546875
2 0.6203125 0.72265625 0.2171875 0.31171875
1 0.21171875 0.2703125 0.20703125 0.29921875
1 0.54140625 0.196875 0.18359375 0.1890625
1 0.6953125 0.115625 0.1421875 0.23125
1 0.83984375 0.12421875 0.11171875 0.24140625
2 0.3796875 0.1875 0.13671875 0.2515625
3 0.58515625 0.090625 0.1234375 0.12578125
0 0.07109375 0.54140625 0.08125 0.15625
3 0.38359375 0.8625 0.146875 0.246875
0 0.58359375 0.96015625 0.0953125 0.0796875
0 0.8046875 0.946875 0.0546875 0.10625