0 0.946875 0.20625 0.0703125 0.1484375
3 0.98515625 0.0484375 0.01953125 0.096875
0 0.7671875 0.278125 0.09375 0.18203125
0 0.62578125 0.23203125 0.071875 0.16953125
0 0.62890625 0.06015625 0.0859375 0.1203125
3 0.5265625 0.34921875 0.1390625 0.25234375
0 0.28125 0.265625 0.06015625 0.10859375
3 0.20234375 0.24140625 0.096875 0.11171875
0 0.23046875 0.90546875 0.08203125 0.13125
3 0.33125 0.97109375 0.07578125 0.05703125
0 0.1296875 0.34609375 0.07421875 0.1453125
3 0.25 0.3625 0.08828125 0.18203125