1 0.73828125 0.7453125 0.19140625 0.3484375
0 0.8125 0.39609375 0.06015625 0.159375
0 0.909375 0.38515625 0.121875 0.21328125
0 0.9265625 0.56484375 0.05703125 0.128125
0 0.46484375 0.153125 0.05 0.15703125
3 0.3703125 0.125 0.16484375 0.25
2 0.16640625 0.11953125 0.16953125 0.2390625
3 0.17421875 0.40859375 0.146875 0.190625
3 0.19765625 0.58515625 0.17109375 0.25
1 0.57421875 0.20078125 0.1765625 0.2625
0 0.36015625 0.80078125 0.09375 0.14765625
0 0.7890625 0.078125 0.1265625 0.15546875
2 0.790625 0.203125 0.140625 0.19375