1 0.80390625 0.22578125 0.13515625 0.246875
1 0.3953125 0.08203125 0.19140625 0.1640625
0 0.86171875 0.6015625 0.07421875 0.1515625
1 0.5046875 0.4125 0.134375 0.25078125
1 0.28203125 0.03828125 0.13984375 0.07578125
1 0.5140625 0.9296875 0.215625 0.140625
0 0.81796875 0.0421875 0.04765625 0.0828125
1 0.11640625 0.05546875 0.0859375 0.1109375
0 0.09296875 0.5015625 0.04453125 0.11640625
3 0.734375 0.72109375 0.1421875 0.29765625
0 0.815625 0.22265625 0.09609375 0.13125
0 0.7765625 0.75859375 0.0859375 0.2015625
2 0.59921875 0.59296875 0.20625 0.3359375
0 0.16328125 0.47265625 0.13046875 0.28828125
0 0.37578125 0.8328125 0.165625 0.240625