3 0.38671875 0.2890625 0.12265625 0.32578125
2 0.31171875 0.64765625 0.12265625 0.2671875
3 0.23359375 0.84453125 0.1453125 0.1703125
3 0.14609375 0.7890625 0.0515625 0.2359375
3 0.2140625 0.5125 0.0890625 0.15859375
0 0.1609375 0.534375 0.0703125 0.15703125
3 0.41796875 0.78359375 0.1078125 0.24765625
3 0.4890625 0.6359375 0.059375 0.2890625
3 0.40078125 0.971875 0.0640625 0.05625
3 0.58046875 0.634375 0.134375 0.29140625
3 0.6421875 0.58359375 0.09296875 0.1390625
2 0.6203125 0.440625 0.1890625 0.24140625
2 0.6765625 0.4734375 0.16328125 0.2765625
0 0.696875 0.31796875 0.08359375 0.14453125
2 0.87109375 0.3125 0.1515625 0.20390625
1 0.76484375 0.165625 0.14140625 0.32421875
1 0.59921875 0.2046875 0.18671875 0.26640625
0 0.86953125 0.95078125 0.08984375 0.0984375
1 0.55234375 0.92578125 0.17109375 0.1484375