0 0.63203125 0.8953125 0.05859375 0.0859375
1 0.82421875 0.54375 0.11484375 0.29140625
1 0.828125 0.08203125 0.128125 0.1640625
0 0.896875 0.02578125 0.03125 0.0515625
1 0.69921875 0.0625 0.13359375 0.12421875
0 0.22421875 0.153125 0.06875 0.1375
1 0.09375 0.153125 0.1078125 0.16953125
3 0.0609375 0.03671875 0.0453125 0.0734375
0 0.353125 0.19140625 0.0625 0.11015625
1 0.275 0.36484375 0.1546875 0.278125
1 0.1921875 0.5140625 0.15234375 0.20859375
1 0.16953125 0.35859375 0.14140625 0.26796875
0 0.18125 0.69375 0.06953125 0.1375
0 0.24140625 0.596875 0.07890625 0.1375
2 0.61953125 0.509375 0.14453125 0.35078125
0 0.71796875 0.4171875 0.0921875 0.16875
2 0.8609375 0.3671875 0.15 0.29453125
0 0.8375 0.47109375 0.02734375 0.04453125
0 0.77734375 0.53359375 0.06328125 0.15234375
2 0.71015625 0.58515625 0.11640625 0.20234375
0 0.76015625 0.97265625 0.11875 0.0546875
0 0.28984375 0.76640625 0.053125 0.06953125
3 0.2328125 0.73515625 0.07421875 0.14375
2 0.38046875 0.33359375 0.1375 0.18515625
0 0.40703125 0.02421875 0.08984375 0.04765625
3 0.29296875 0.0625 0.121875 0.125