1 0.6296875 0.78671875 0.18671875 0.24453125
1 0.70390625 0.92890625 0.1453125 0.1421875
3 0.228125 0.90859375 0.0703125 0.1796875
0 0.16953125 0.79765625 0.08359375 0.1828125
1 0.5796875 0.2171875 0.07578125 0.29296875
3 0.2 0.59765625 0.11953125 0.22265625
0 0.25078125 0.07109375 0.0671875 0.1046875
1 0.0328125 0.58046875 0.06484375 0.21171875
3 0.4609375 0.15390625 0.16171875 0.22109375
1 0.278125 0.7203125 0.17109375 0.209375
2 0.440625 0.73984375 0.15703125 0.29140625
3 0.81328125 0.06328125 0.1484375 0.1265625
0 0.06953125 0.659375 0.06484375 0.14453125