1 0.65 0.71484375 0.1359375 0.28046875
1 0.35 0.37265625 0.1671875 0.24375
1 0.61640625 0.915625 0.2046875 0.16796875
1 0.875 0.45078125 0.13828125 0.24375
1 0.88828125 0.58984375 0.15078125 0.18046875
0 0.8125 0.89296875 0.06015625 0.12109375
1 0.4421875 0.88046875 0.11640625 0.2328125
1 0.74609375 0.08046875 0.09453125 0.16015625
0 0.79765625 0.45546875 0.05 0.10078125
0 0.49765625 0.81640625 0.07734375 0.159375
0 0.24765625 0.775 0.08828125 0.15546875
1 0.48828125 0.08828125 0.1453125 0.1765625
0 0.24140625 0.0328125 0.0609375 0.06484375