3 0.12578125 0.134375 0.10625 0.15
1 0.09609375 0.303125 0.13125 0.1875
0 0.14140625 0.45078125 0.1046875 0.1484375
0 0.2890625 0.4046875 0.178125 0.29375
0 0.20546875 0.3140625 0.05625 0.09375
0 0.48203125 0.446875 0.075 0.121875
0 0.5625 0.4640625 0.0921875 0.24375
0 0.7859375 0.05 0.078125 0.1
3 0.696875 0.08203125 0.1125 0.128125
3 0.8078125 0.496875 0.053125 0.18125
3 0.83828125 0.71015625 0.0625 0.2125
0 0.6671875 0.71171875 0.075 0.1453125
0 0.14453125 0.753125 0.08125 0.146875
0 0.2859375 0.7359375 0.1234375 0.2140625
1 0.71875 0.94609375 0.096875 0.10625
1 0.5734375 0.93359375 0.125 0.1328125
1 0.50859375 0.7953125 0.103125 0.14375
1 0.259375 0.596875 0.084375 0.14375