1 0.38359375 0.11640625 0.17109375 0.22578125
2 0.7421875 0.10703125 0.16015625 0.20390625
0 0.190625 0.30078125 0.07421875 0.08046875
1 0.56796875 0.3015625 0.1734375 0.1703125
2 0.309375 0.64375 0.1390625 0.2578125
0 0.85078125 0.49375 0.06484375 0.14921875
3 0.91953125 0.5671875 0.09296875 0.21015625
0 0.59609375 0.1609375 0.07265625 0.1515625
1 0.62109375 0.01953125 0.11796875 0.0359375
3 0.0203125 0.8296875 0.040625 0.20703125
0 0.03984375 0.9671875 0.03359375 0.065625
0 0.7640625 0.32890625 0.146875 0.24765625
3 0.66875 0.18671875 0.075 0.19140625
1 0.91328125 0.1515625 0.11796875 0.26484375
1 0.6375 0.7140625 0.12734375 0.26328125