3 0.334375 0.75078125 0.12421875 0.275
0 0.39609375 0.43984375 0.08828125 0.1625
3 0.2390625 0.54921875 0.13125 0.33828125
3 0.09609375 0.8109375 0.084375 0.1875
3 0.10703125 0.12578125 0.05546875 0.1796875
3 0.1 0.559375 0.13046875 0.2453125
1 0.5796875 0.84296875 0.146875 0.30703125
0 0.834375 0.25625 0.0796875 0.175
2 0.18828125 0.09453125 0.128125 0.18515625
0 0.4359375 0.821875 0.09375 0.178125
3 0.02421875 0.78203125 0.04765625 0.21875
3 0.62890625 0.103125 0.08984375 0.11953125
3 0.35390625 0.07109375 0.1078125 0.1421875