0 0.15625 0.19453125 0.10859375 0.16796875
0 0.121875 0.31953125 0.06171875 0.1390625
1 0.3140625 0.2953125 0.09453125 0.36171875
1 0.48125 0.37109375 0.19375 0.22578125
1 0.54296875 0.03359375 0.1265625 0.0671875
1 0.6984375 0.14375 0.125 0.2875
0 0.58046875 0.50625 0.08671875 0.1140625
0 0.51640625 0.15390625 0.07265625 0.1859375
0 0.84609375 0.83828125 0.08359375 0.1375
3 0.62578125 0.8171875 0.12890625 0.19296875
0 0.56015625 0.6328125 0.0828125 0.175
0 0.22578125 0.80078125 0.059375 0.16015625
0 0.27734375 0.646875 0.17890625 0.24765625