2 0.3203125 0.36953125 0.25 0.196875
1 0.74609375 0.39609375 0.325 0.1921875
1 0.2203125 0.56953125 0.2765625 0.171875
1 0.1484375 0.7578125 0.246875 0.134375
0 0.071875 0.6578125 0.140625 0.059375
0 0.0484375 0.57734375 0.0953125 0.103125
3 0.21015625 0.09375 0.225 0.0953125
3 0.2 0.28046875 0.1421875 0.13125
2 0.71171875 0.165625 0.278125 0.165625
1 0.475 0.17578125 0.265625 0.1125
0 0.4421875 0.8265625 0.109375 0.059375
3 0.759375 0.53984375 0.240625 0.0796875
3 0.9484375 0.6796875 0.1 0.1015625
3 0.8640625 0.85234375 0.2578125 0.078125
3 0.44296875 0.26484375 0.325 0.06875