2 0.5 0.515625 0.23046875 0.38203125
1 0.51875 0.85234375 0.14609375 0.29453125
1 0.73359375 0.88125 0.171875 0.2375
2 0.25390625 0.88671875 0.19921875 0.22421875
1 0.88671875 0.39765625 0.1421875 0.36328125
1 0.6046875 0.09921875 0.11875 0.18984375
1 0.35 0.5953125 0.08984375 0.2296875
1 0.76484375 0.08203125 0.09140625 0.16015625
0 0.3078125 0.42109375 0.06875 0.11953125
3 0.8515625 0.87890625 0.115625 0.2015625
2 0.74453125 0.18671875 0.15234375 0.18203125
0 0.67109375 0.09296875 0.0375 0.11875