1 0.47734375 0.80703125 0.1484375 0.2984375
1 0.2375 0.65859375 0.18515625 0.378125
1 0.58359375 0.44375 0.1546875 0.33046875
0 0.41171875 0.275 0.0828125 0.178125
2 0.884375 0.7203125 0.090625 0.20859375
0 0.49609375 0.18515625 0.08359375 0.140625
1 0.24921875 0.1765625 0.13515625 0.25546875
0 0.4703125 0.3234375 0.05 0.096875
2 0.3375 0.40234375 0.11171875 0.31875
0 0.23828125 0.36640625 0.09140625 0.13359375
0 0.16484375 0.10390625 0.07578125 0.11640625
0 0.16171875 0.215625 0.0359375 0.09609375
3 0.159375 0.38828125 0.0765625 0.17109375
0 0.72578125 0.4265625 0.0703125 0.1578125
0 0.9140625 0.328125 0.08125 0.16640625
0 0.70234375 0.059375 0.04296875 0.09765625
0 0.621875 0.25078125 0.0796875 0.0859375
2 0.6203125 0.10390625 0.17578125 0.2078125