3 0.83125 0.90546875 0.04375 0.1875
3 0.98671875 0.9515625 0.015625 0.096875
1 0.4125 0.921875 0.0984375 0.15625
0 0.26328125 0.78671875 0.06875 0.084375
2 0.28984375 0.6375 0.134375 0.36875
2 0.1203125 0.178125 0.1125 0.1375
3 0.42265625 0.14453125 0.14375 0.2890625
3 0.38125 0.42265625 0.1984375 0.203125
3 0.5359375 0.47265625 0.125 0.296875
0 0.63359375 0.48984375 0.096875 0.1796875
0 0.6390625 0.3296875 0.0765625 0.1453125
1 0.7671875 0.103125 0.1390625 0.19375
0 0.71640625 0.2296875 0.11875 0.165625