1 0.74140625 0.9078125 0.16953125 0.18359375
1 0.5296875 0.2015625 0.15546875 0.2140625
3 0.584375 0.3765625 0.17421875 0.34140625
3 0.5453125 0.065625 0.140625 0.10078125
0 0.853125 0.63046875 0.05703125 0.1109375
3 0.67109375 0.0359375 0.0953125 0.071875
3 0.659375 0.6984375 0.0921875 0.20703125
0 0.059375 0.2453125 0.06640625 0.08828125
0 0.740625 0.2 0.10078125 0.2390625
1 0.27890625 0.3140625 0.0921875 0.340625
3 0.3703125 0.3921875 0.146875 0.23203125
2 0.7046875 0.54140625 0.090625 0.30546875
3 0.48359375 0.81640625 0.2359375 0.28671875
2 0.6171875 0.89453125 0.14921875 0.2109375