3 0.059375 0.12890625 0.053125 0.17890625
1 0.1171875 0.80859375 0.1046875 0.26640625
1 0.4078125 0.9015625 0.12109375 0.196875
0 0.4453125 0.82578125 0.09140625 0.146875
0 0.6140625 0.59765625 0.0734375 0.1171875
0 0.70078125 0.9421875 0.0875 0.115625
1 0.88203125 0.6296875 0.128125 0.2640625
0 0.84140625 0.4484375 0.10234375 0.19921875
0 0.66953125 0.50390625 0.040625 0.0671875
1 0.88828125 0.28828125 0.11875 0.29296875
3 0.53984375 0.1828125 0.11953125 0.1734375
1 0.5484375 0.08359375 0.1796875 0.1671875
1 0.77578125 0.7328125 0.06171875 0.15625
1 0.39296875 0.49375 0.0546875 0.1671875
3 0.1234375 0.52421875 0.11015625 0.23359375
3 0.709375 0.38359375 0.16171875 0.22890625
0 0.50703125 0.2546875 0.05546875 0.1578125