0 0.83203125 0.953125 0.084375 0.09296875
0 0.6359375 0.93046875 0.07578125 0.12265625
0 0.58828125 0.97265625 0.06953125 0.0546875
0 0.71171875 0.4796875 0.06328125 0.125
0 0.4375 0.94375 0.0640625 0.11171875
0 0.07421875 0.684375 0.06171875 0.1640625
3 0.1953125 0.50859375 0.0859375 0.15
3 0.375 0.46015625 0.09609375 0.25078125
0 0.52265625 0.5890625 0.05078125 0.09296875
0 0.6953125 0.35 0.08828125 0.13984375
0 0.8265625 0.07421875 0.08125 0.1484375
2 0.709375 0.08515625 0.15625 0.1703125
0 0.63359375 0.01484375 0.04921875 0.0296875
0 0.1078125 0.20703125 0.059375 0.10859375
3 0.8953125 0.21875 0.06171875 0.19140625
3 0.25 0.19765625 0.08984375 0.26953125
3 0.79375 0.71015625 0.14140625 0.325
2 0.359375 0.890625 0.096875 0.21875
2 0.47578125 0.4515625 0.1015625 0.24609375
3 0.15390625 0.58671875 0.1078125 0.18828125