1 0.215625 0.3953125 0.275 0.178125
2 0.35546875 0.6265625 0.25 0.1328125
3 0.38671875 0.71328125 0.1984375 0.1078125
3 0.58359375 0.509375 0.2625 0.1578125
2 0.91875 0.67421875 0.1625 0.1921875
1 0.184375 0.084375 0.3015625 0.090625
0 0.38046875 0.23984375 0.1640625 0.09375
1 0.86171875 0.4296875 0.2765625 0.15625
0 0.9046875 0.54296875 0.1484375 0.084375
0 0.621875 0.7421875 0.125 0.0875
1 0.94921875 0.20234375 0.1 0.1171875
3 0.7296875 0.53828125 0.1921875 0.1703125
0 0.5 0.9421875 0.1328125 0.0546875