1 0.65 0.28515625 0.1359375 0.28046875
1 0.35 0.62734375 0.1671875 0.24375
1 0.61640625 0.084375 0.2046875 0.16796875
1 0.875 0.54921875 0.13828125 0.24375
1 0.88828125 0.41015625 0.15078125 0.18046875
0 0.8125 0.10703125 0.06015625 0.12109375
1 0.4421875 0.11953125 0.11640625 0.2328125
1 0.74609375 0.91953125 0.09453125 0.16015625
0 0.79765625 0.54453125 0.05 0.10078125
0 0.49765625 0.18359375 0.07734375 0.159375
0 0.24765625 0.225 0.08828125 0.15546875
1 0.48828125 0.91171875 0.1453125 0.1765625
0 0.24140625 0.9671875 0.0609375 0.06484375