0 0.8140625 0.74140625 0.0953125 0.19375
1 0.6046875 0.85546875 0.1390625 0.2890625
1 0.41171875 0.81328125 0.17890625 0.29140625
0 0.5109375 0.24140625 0.0890625 0.13828125
0 0.559375 0.14921875 0.08671875 0.17421875
0 0.6046875 0.04140625 0.07265625 0.08203125
0 0.30703125 0.53125 0.07734375 0.1578125
0 0.42578125 0.60078125 0.08984375 0.10703125
0 0.46328125 0.709375 0.08515625 0.11015625
0 0.68671875 0.7390625 0.06875 0.13203125
1 0.16640625 0.61953125 0.153125 0.3296875
0 0.2125 0.234375 0.0671875 0.13515625
1 0.46328125 0.41875 0.21015625 0.2390625