1 0.6515625 0.7140625 0.1375 0.35859375
1 0.73671875 0.33671875 0.17421875 0.33203125
0 0.9390625 0.5 0.0671875 0.1171875
0 0.83984375 0.21796875 0.0546875 0.125
3 0.1453125 0.75 0.10625 0.22421875
3 0.49609375 0.309375 0.246875 0.1796875
3 0.7765625 0.6984375 0.10859375 0.15234375
3 0.525 0.74453125 0.0875 0.35859375
3 0.28359375 0.7734375 0.20625 0.196875
3 0.71171875 0.94453125 0.134375 0.1109375
3 0.79921875 0.8203125 0.11796875 0.11328125
1 0.24453125 0.09140625 0.178125 0.1828125
1 0.37578125 0.909375 0.14921875 0.18125
0 0.2734375 0.94140625 0.05703125 0.1171875
0 0.23515625 0.97109375 0.05390625 0.0578125