0 0.4140625 0.1140625 0.1171875 0.08125
0 0.24375 0.2125 0.1453125 0.0890625
0 0.3765625 0.2125 0.1375 0.071875
0 0.1796875 0.08359375 0.1 0.059375
0 0.153125 0.23125 0.128125 0.09375
0 0.04375 0.140625 0.0875 0.0625
2 0.22109375 0.49453125 0.178125 0.1625
2 0.17421875 0.8 0.246875 0.078125
0 0.246875 0.56171875 0.1 0.0734375
0 0.3515625 0.57578125 0.115625 0.0625
0 0.5765625 0.7296875 0.146875 0.084375
1 0.84375 0.78203125 0.2953125 0.109375
0 0.61953125 0.49921875 0.234375 0.084375
3 0.87890625 0.29375 0.2421875 0.09375
0 0.65703125 0.30625 0.1125 0.065625
2 0.5953125 0.20234375 0.2125 0.125
2 0.05234375 0.7421875 0.1046875 0.065625