0 0.76640625 0.27109375 0.09453125 0.1546875
0 0.7375 0.3640625 0.0890625 0.178125
0 0.565625 0.21875 0.0671875 0.09921875
0 0.6421875 0.04375 0.0703125 0.08671875
0 0.49921875 0.05703125 0.084375 0.0984375
1 0.08828125 0.24453125 0.115625 0.22109375
0 0.259375 0.76328125 0.07265625 0.14296875
3 0.38671875 0.86953125 0.14921875 0.13515625
0 0.4953125 0.85078125 0.08359375 0.15390625
1 0.446875 0.94140625 0.109375 0.1171875
3 0.6453125 0.52734375 0.22890625 0.28359375
0 0.85625 0.4109375 0.0421875 0.0890625
0 0.8453125 0.77421875 0.05234375 0.08515625