1 0.5125 0.9046875 0.175 0.190625
0 0.69375 0.8765625 0.0609375 0.13515625
0 0.38671875 0.9359375 0.06796875 0.128125
1 0.45703125 0.73359375 0.12109375 0.18359375
3 0.44140625 0.1734375 0.11015625 0.09375
0 0.92578125 0.59609375 0.07421875 0.0875
0 0.24921875 0.76484375 0.17265625 0.17421875
2 0.29375 0.1359375 0.209375 0.27109375
1 0.8953125 0.2765625 0.121875 0.153125
0 0.92578125 0.7125 0.04765625 0.128125
0 0.915625 0.871875 0.078125 0.128125
3 0.8328125 0.78671875 0.1296875 0.19765625
3 0.1703125 0.54375 0.10078125 0.24140625
0 0.3171875 0.52265625 0.09453125 0.115625