1 0.4984375 0.18046875 0.309375 0.15
0 0.64609375 0.84375 0.1625 0.0875
3 0.70390625 0.809375 0.2359375 0.103125
3 0.80625 0.4078125 0.1390625 0.15
1 0.12421875 0.64140625 0.209375 0.1203125
0 0.43984375 0.26484375 0.134375 0.065625
0 0.86171875 0.2359375 0.175 0.1
0 0.8984375 0.54453125 0.1890625 0.078125
0 0.92109375 0.11875 0.1578125 0.084375
0 0.18359375 0.10859375 0.134375 0.084375
0 0.79375 0.76015625 0.215625 0.0765625
3 0.62890625 0.41640625 0.234375 0.190625
0 0.75234375 0.14453125 0.125 0.071875