3 0.240625 0.2734375 0.2609375 0.115625
1 0.19296875 0.5875 0.24375 0.159375
0 0.32421875 0.55859375 0.0890625 0.059375
0 0.2921875 0.60859375 0.096875 0.059375
0 0.2609375 0.4203125 0.15 0.0546875
0 0.05546875 0.96015625 0.109375 0.0359375
0 0.72734375 0.740625 0.1234375 0.05
3 0.76484375 0.690625 0.3 0.1296875
0 0.89375 0.84140625 0.1109375 0.0375
0 0.94609375 0.7359375 0.1 0.0609375
0 0.73046875 0.47109375 0.15625 0.075
0 0.97109375 0.34375 0.0578125 0.0625
1 0.12890625 0.19765625 0.2578125 0.09375