1 0.31484375 0.28359375 0.15859375 0.33515625
1 0.36328125 0.60390625 0.203125 0.225
1 0.5765625 0.81953125 0.2375 0.2171875
0 0.5671875 0.2203125 0.08046875 0.1390625
0 0.73203125 0.18125 0.0984375 0.11171875
0 0.62890625 0.3421875 0.05625 0.14609375
1 0.678125 0.64296875 0.096875 0.1375
2 0.13515625 0.159375 0.06484375 0.23125
3 0.15078125 0.39609375 0.11015625 0.2265625
3 0.18125 0.4703125 0.0921875 0.18984375
3 0.6171875 0.05859375 0.2125 0.1171875
0 0.4953125 0.63203125 0.09453125 0.15625
0 0.11875 0.66953125 0.05625 0.13828125