3 0.53671875 0.13046875 0.221875 0.1125
1 0.0625 0.3140625 0.125 0.1578125
1 0.284375 0.2890625 0.3125 0.090625
0 0.53046875 0.35625 0.1375 0.06875
3 0.0640625 0.53515625 0.128125 0.159375
3 0.1546875 0.7671875 0.146875 0.121875
3 0.1953125 0.684375 0.090625 0.121875
0 0.29921875 0.803125 0.1078125 0.0546875
1 0.30234375 0.56484375 0.3375 0.1515625
0 0.5703125 0.6796875 0.140625 0.0609375
3 0.89375 0.490625 0.1796875 0.2
0 0.04453125 0.70546875 0.0890625 0.0796875
2 0.29609375 0.45 0.23125 0.103125
2 0.559375 0.5859375 0.265625 0.1484375