0 0.88671875 0.1421875 0.0671875 0.134375
2 0.52890625 0.09140625 0.1421875 0.1828125
1 0.37109375 0.1484375 0.20625 0.2046875
1 0.2703125 0.35 0.14140625 0.3109375
0 0.23515625 0.0671875 0.06015625 0.13359375
0 0.1578125 0.078125 0.046875 0.1515625
0 0.0296875 0.1734375 0.04453125 0.13515625
0 0.03984375 0.0578125 0.034375 0.0953125
1 0.50390625 0.81640625 0.2078125 0.2625
3 0.32734375 0.928125 0.1703125 0.14375
3 0.69609375 0.7921875 0.1125 0.30546875
0 0.73515625 0.96875 0.06171875 0.0625
0 0.46015625 0.3328125 0.08125 0.12421875