0 0.840625 0.890625 0.1125 0.1265625
2 0.1328125 0.903125 0.265625 0.159375
1 0.346875 0.55859375 0.19375 0.15625
0 0.05234375 0.2703125 0.103125 0.08125
3 0.43359375 0.33515625 0.29375 0.05625
3 0.58515625 0.2796875 0.278125 0.078125
0 0.66484375 0.5875 0.234375 0.096875
0 0.646875 0.653125 0.15 0.1015625
0 0.5421875 0.6234375 0.15625 0.071875
0 0.48828125 0.67734375 0.09375 0.0609375
0 0.56796875 0.50078125 0.1 0.059375
0 0.478125 0.4703125 0.1578125 0.0875
0 0.596875 0.37421875 0.1234375 0.071875
1 0.5265625 0.2171875 0.2875 0.1515625
1 0.9328125 0.746875 0.134375 0.0890625
1 0.9046875 0.340625 0.190625 0.18125
2 0.46875 0.91015625 0.178125 0.140625
0 0.6890625 0.51328125 0.1203125 0.0859375