3 0.3328125 0.6546875 0.12421875 0.2390625
3 0.840625 0.31328125 0.06484375 0.26015625
3 0.75703125 0.73046875 0.13515625 0.28828125
0 0.67578125 0.38671875 0.08046875 0.13359375
2 0.46875 0.13515625 0.159375 0.26796875
0 0.12265625 0.92109375 0.0671875 0.14609375
1 0.5140625 0.86640625 0.15703125 0.23984375
2 0.640625 0.6796875 0.15703125 0.3
1 0.41875 0.87578125 0.09375 0.24609375
3 0.49296875 0.6765625 0.15625 0.2609375
0 0.75 0.35703125 0.0671875 0.128125
0 0.084375 0.540625 0.06015625 0.15859375
3 0.24375 0.70234375 0.16015625 0.20625
3 0.309375 0.15078125 0.1015625 0.2953125
3 0.59453125 0.36484375 0.0828125 0.1671875