2 0.875 0.1765625 0.05703125 0.25546875
1 0.859375 0.40546875 0.12734375 0.2453125
0 0.94375 0.45390625 0.0859375 0.1765625
1 0.86953125 0.528125 0.13828125 0.1671875
1 0.76171875 0.87265625 0.1046875 0.25078125
1 0.6265625 0.88203125 0.1796875 0.2125
1 0.47890625 0.9234375 0.1359375 0.153125
1 0.34609375 0.7234375 0.1734375 0.2375
2 0.13515625 0.2625 0.09140625 0.29921875
2 0.40390625 0.10234375 0.11796875 0.2046875
0 0.496875 0.06328125 0.07734375 0.10859375
0 0.546875 0.03828125 0.0609375 0.07578125
0 0.32109375 0.05078125 0.08203125 0.10078125
0 0.4015625 0.44140625 0.15390625 0.328125