2 0.73203125 0.14296875 0.1328125 0.278125
1 0.5375 0.32421875 0.1140625 0.32265625
2 0.4015625 0.68515625 0.1078125 0.196875
3 0.62265625 0.20078125 0.0734375 0.19921875
3 0.40078125 0.53984375 0.10546875 0.140625
3 0.875 0.353125 0.09765625 0.18984375
3 0.13671875 0.746875 0.0421875 0.26953125
0 0.13203125 0.9609375 0.0484375 0.07578125
0 0.4375 0.32109375 0.09140625 0.146875
0 0.87578125 0.125 0.05859375 0.1109375
3 0.1828125 0.546875 0.1015625 0.30625
0 0.375 0.19609375 0.146875 0.2609375
0 0.275 0.0796875 0.0984375 0.159375
0 0.3671875 0.0828125 0.1125 0.165625
2 0.24140625 0.49921875 0.14453125 0.2984375
3 0.509375 0.94140625 0.0703125 0.1171875