2 0.25078125 0.3921875 0.14765625 0.2984375
0 0.21796875 0.17578125 0.0765625 0.134375
0 0.659375 0.13515625 0.09140625 0.15546875
2 0.55703125 0.28515625 0.16875 0.2296875
3 0.84296875 0.2625 0.153125 0.190625
0 0.96953125 0.1703125 0.04375 0.134375
0 0.96015625 0.0515625 0.03203125 0.09765625
3 0.89921875 0.55703125 0.0671875 0.25078125
0 0.70625 0.71015625 0.06171875 0.10625
3 0.79765625 0.57265625 0.153125 0.15703125
2 0.528125 0.9171875 0.11328125 0.16484375
0 0.75546875 0.9453125 0.084375 0.10859375
3 0.03515625 0.428125 0.0703125 0.240625