1 0.66328125 0.65546875 0.18515625 0.253125
1 0.87421875 0.74296875 0.121875 0.24296875
3 0.51796875 0.77890625 0.12578125 0.3640625
3 0.3140625 0.74296875 0.16953125 0.28515625
3 0.771875 0.6546875 0.1 0.30234375
3 0.88125 0.42109375 0.06953125 0.22265625
3 0.06328125 0.45703125 0.12265625 0.134375
3 0.42421875 0.8390625 0.09296875 0.27265625
1 0.5359375 0.2234375 0.0828125 0.28125
0 0.3 0.47109375 0.07734375 0.14921875
0 0.8859375 0.92265625 0.06953125 0.14375
1 0.3796875 0.26953125 0.10859375 0.3296875