1 0.60234375 0.334375 0.17890625 0.28671875
1 0.21953125 0.2921875 0.15546875 0.23515625
1 0.4171875 0.88359375 0.15078125 0.23203125
3 0.375 0.4515625 0.16875 0.253125
0 0.7546875 0.75546875 0.08203125 0.1375
3 0.6875 0.54375 0.1015625 0.228125
3 0.2828125 0.09921875 0.1484375 0.1453125
3 0.47890625 0.2703125 0.07734375 0.31953125
0 0.3359375 0.62890625 0.0984375 0.1453125
0 0.8390625 0.6578125 0.1046875 0.18203125
3 0.978125 0.1671875 0.04375 0.21171875
2 0.37265625 0.17890625 0.15625 0.19921875
0 0.15234375 0.375 0.059375 0.1203125
0 0.39921875 0.70390625 0.08203125 0.13203125