1 0.525 0.4359375 0.19765625 0.28515625
0 0.321875 0.19765625 0.08203125 0.15390625
0 0.48828125 0.6765625 0.09453125 0.14609375
0 0.12109375 0.728125 0.0734375 0.17109375
1 0.23359375 0.059375 0.12265625 0.11796875
1 0.43828125 0.878125 0.17890625 0.24296875
0 0.23203125 0.22734375 0.05625 0.096875
0 0.32109375 0.58359375 0.05390625 0.14453125
3 0.8375 0.85546875 0.0828125 0.19140625
0 0.30078125 0.3890625 0.053125 0.1359375
0 0.70703125 0.0359375 0.0515625 0.071875
0 0.84296875 0.51953125 0.0734375 0.14453125
0 0.646875 0.13359375 0.06015625 0.128125
0 0.81328125 0.39609375 0.06484375 0.11875
2 0.39375 0.2859375 0.1578125 0.2421875
0 0.659375 0.93984375 0.109375 0.1203125
0 0.95078125 0.5484375 0.06953125 0.10234375