0 0.16796875 0.046875 0.084375 0.09375
0 0.3640625 0.06953125 0.075 0.121875
0 0.41171875 0.02734375 0.06875 0.0546875
0 0.28828125 0.5203125 0.0625 0.125
0 0.5625 0.05625 0.0640625 0.1125
0 0.92578125 0.315625 0.0625 0.1640625
3 0.8046875 0.49140625 0.0859375 0.15
3 0.625 0.53984375 0.096875 0.25
0 0.47734375 0.4109375 0.05 0.09375
0 0.3046875 0.65 0.0890625 0.140625
0 0.1734375 0.92578125 0.08125 0.1484375
2 0.290625 0.91484375 0.15625 0.1703125
0 0.36640625 0.98515625 0.05 0.0296875
0 0.8921875 0.79296875 0.059375 0.109375
3 0.1046875 0.78125 0.0625 0.190625
3 0.75 0.80234375 0.090625 0.26875
3 0.20625 0.28984375 0.1421875 0.325
2 0.640625 0.109375 0.096875 0.21875
2 0.52421875 0.5484375 0.1015625 0.246875