2 0.73984375 0.90390625 0.1484375 0.18125
1 0.759375 0.08046875 0.16875 0.1609375
1 0.38046875 0.9078125 0.17109375 0.18125
1 0.534375 0.2859375 0.13515625 0.25625
1 0.58359375 0.7015625 0.215625 0.32578125
1 0.91484375 0.8625 0.096875 0.259375
0 0.7578125 0.18828125 0.08125 0.11796875
0 0.309375 0.09609375 0.07265625 0.175
0 0.45234375 0.33828125 0.040625 0.11171875
3 0.021875 0.8296875 0.04375 0.2140625
0 0.0390625 0.96640625 0.034375 0.0671875
2 0.36171875 0.6375 0.19375 0.23125
0 0.64921875 0.10625 0.071875 0.15