1 0.284375 0.29296875 0.17890625 0.21796875
1 0.78984375 0.80078125 0.17109375 0.2921875
1 0.446875 0.14609375 0.196875 0.17109375
1 0.52265625 0.84921875 0.16796875 0.29609375
2 0.0578125 0.72109375 0.1125 0.31015625
2 0.44609375 0.35 0.13046875 0.26015625
1 0.2703125 0.15703125 0.16796875 0.2171875
3 0.8234375 0.07890625 0.09765625 0.15078125
0 0.79921875 0.3203125 0.08515625 0.125
0 0.1453125 0.384375 0.09140625 0.16328125
3 0.6671875 0.77109375 0.09453125 0.32578125
2 0.696875 0.484375 0.15 0.253125
2 0.67109375 0.2796875 0.1921875 0.27421875
3 0.91796875 0.33125 0.13359375 0.26953125
1 0.1671875 0.09921875 0.13125 0.19765625