1 0.53046875 0.1046875 0.18828125 0.20703125
1 0.36953125 0.38046875 0.12578125 0.37109375
1 0.40625 0.90390625 0.2046875 0.1609375
3 0.53671875 0.640625 0.10703125 0.35078125
0 0.5921875 0.225 0.09375 0.1703125
0 0.16015625 0.57578125 0.09453125 0.1640625
0 0.79609375 0.74921875 0.0859375 0.1984375
3 0.47734375 0.253125 0.10625 0.190625
0 0.35546875 0.6296875 0.19765625 0.13984375
1 0.23515625 0.25625 0.2109375 0.28359375
1 0.16953125 0.10234375 0.15625 0.2046875
0 0.8484375 0.05625 0.040625 0.06328125
0 0.85625 0.48828125 0.05078125 0.13046875
2 0.26484375 0.43203125 0.103125 0.30078125