1 0.19609375 0.22578125 0.13515625 0.246875
1 0.6046875 0.08203125 0.19140625 0.1640625
0 0.13828125 0.6015625 0.07421875 0.1515625
1 0.4953125 0.4125 0.134375 0.25078125
1 0.71796875 0.03828125 0.13984375 0.07578125
1 0.4859375 0.9296875 0.215625 0.140625
0 0.18203125 0.0421875 0.04765625 0.0828125
1 0.88359375 0.05546875 0.0859375 0.1109375
0 0.90703125 0.5015625 0.04453125 0.11640625
3 0.265625 0.72109375 0.1421875 0.29765625
0 0.184375 0.22265625 0.09609375 0.13125
0 0.2234375 0.75859375 0.0859375 0.2015625
2 0.40078125 0.59296875 0.20625 0.3359375
0 0.83671875 0.47265625 0.13046875 0.28828125
0 0.62421875 0.8328125 0.165625 0.240625