3 0.396875 0.67109375 0.1265625 0.246875
1 0.34921875 0.20546875 0.17109375 0.23515625
2 0.88515625 0.44609375 0.175 0.34609375
0 0.51796875 0.73125 0.0640625 0.1296875
1 0.834375 0.16640625 0.1203125 0.30078125
0 0.73984375 0.16796875 0.08359375 0.16796875
3 0.20859375 0.2796875 0.0796875 0.3484375
0 0.4921875 0.95546875 0.0890625 0.0890625
3 0.65234375 0.94765625 0.071875 0.10390625
1 0.34296875 0.52109375 0.1078125 0.22578125
3 0.2484375 0.59765625 0.1484375 0.29921875
3 0.65390625 0.453125 0.18203125 0.2171875
3 0.1015625 0.4109375 0.1359375 0.3171875
3 0.49453125 0.33515625 0.20703125 0.2375
3 0.48046875 0.09921875 0.1734375 0.1984375