1 0.1203125 0.74453125 0.209375 0.1140625
3 0.29609375 0.59375 0.3734375 0.0953125
0 0.09765625 0.490625 0.15 0.109375
2 0.3234375 0.46953125 0.15 0.1484375
0 0.05625 0.32734375 0.1125 0.065625
1 0.04609375 0.43203125 0.0921875 0.1390625
1 0.88203125 0.1671875 0.2359375 0.1546875
1 0.86875 0.47890625 0.23125 0.16875
0 0.69453125 0.1546875 0.13125 0.0859375
0 0.81328125 0.1859375 0.09375 0.053125
0 0.7546875 0.5921875 0.1703125 0.096875
0 0.03671875 0.659375 0.0734375 0.075
0 0.04609375 0.096875 0.0828125 0.0375