1 0.44296875 0.21875 0.171875 0.26171875
0 0.30625 0.1 0.07890625 0.14296875
0 0.65390625 0.18671875 0.07109375 0.1921875
0 0.52578125 0.1109375 0.11875 0.2109375
3 0.17109375 0.22421875 0.0640625 0.27578125
1 0.265625 0.39453125 0.1859375 0.32265625
1 0.1984375 0.6453125 0.13671875 0.275
0 0.29296875 0.61953125 0.08828125 0.1625
0 0.02890625 0.65234375 0.0515625 0.1203125
0 0.84453125 0.78984375 0.10859375 0.11171875
2 0.775 0.88046875 0.14609375 0.23828125
1 0.70546875 0.62890625 0.14453125 0.334375