3 0.3578125 0.3171875 0.12890625 0.2640625
2 0.503125 0.2265625 0.146875 0.22734375
0 0.23125 0.61484375 0.08359375 0.16640625
0 0.61328125 0.7921875 0.09140625 0.11640625
3 0.03203125 0.6375 0.0640625 0.121875
0 0.17265625 0.95625 0.07734375 0.0875
2 0.78203125 0.896875 0.08671875 0.20625
0 0.8421875 0.60390625 0.08125 0.17734375
2 0.8015625 0.31875 0.140625 0.2
2 0.46640625 0.078125 0.10078125 0.15625
0 0.41640625 0.0890625 0.084375 0.13671875
0 0.215625 0.0609375 0.07109375 0.1078125
2 0.446875 0.42734375 0.13203125 0.24140625