0 0.57734375 0.7671875 0.06484375 0.153125
0 0.5234375 0.834375 0.04140625 0.06953125
0 0.81484375 0.1125 0.071875 0.14765625
0 0.98515625 0.31328125 0.0296875 0.1453125
0 0.70546875 0.08515625 0.1046875 0.1671875
0 0.58671875 0.0546875 0.0796875 0.109375
0 0.571875 0.2546875 0.08828125 0.1609375
0 0.51796875 0.2046875 0.075 0.1421875
0 0.5171875 0.321875 0.075 0.1
0 0.6078125 0.3921875 0.084375 0.11953125
0 0.4578125 0.4984375 0.07890625 0.18125
0 0.47734375 0.36328125 0.053125 0.08828125
0 0.43515625 0.30703125 0.09375 0.18125
0 0.4140625 0.24765625 0.0703125 0.17734375
0 0.41328125 0.09140625 0.08359375 0.12890625
0 0.32578125 0.0703125 0.0953125 0.1265625
0 0.35 0.17265625 0.10625 0.18125
0 0.3046875 0.184375 0.03515625 0.09140625
0 0.2625 0.12421875 0.05625 0.078125
0 0.38828125 0.421875 0.08515625 0.09296875
0 0.34375 0.35625 0.0734375 0.128125
0 0.3859375 0.528125 0.07265625 0.12578125
0 0.2671875 0.5828125 0.06796875 0.1078125
0 0.73984375 0.18984375 0.0640625 0.09609375
0 0.26484375 0.21796875 0.05 0.1421875