2 0.25078125 0.27578125 0.11484375 0.27421875
1 0.56015625 0.7265625 0.18359375 0.359375
1 0.45 0.32421875 0.1515625 0.321875
3 0.2421875 0.08671875 0.178125 0.171875
3 0.76328125 0.83359375 0.1921875 0.20234375
0 0.33515625 0.59453125 0.0578125 0.14921875
3 0.246875 0.846875 0.11328125 0.0828125
3 0.32265625 0.46484375 0.11875 0.140625
3 0.88515625 0.8859375 0.078125 0.20625
3 0.77578125 0.36875 0.1171875 0.3203125
0 0.78671875 0.009375 0.04921875 0.01875
0 0.95625 0.47421875 0.053125 0.13984375
1 0.6328125 0.5078125 0.15546875 0.2875
0 0.7859375 0.603125 0.09765625 0.18359375
0 0.2328125 0.759375 0.0875 0.14296875