0 0.5859375 0.1140625 0.1171875 0.08125
0 0.75625 0.2125 0.1453125 0.0890625
0 0.6234375 0.2125 0.1375 0.071875
0 0.8203125 0.08359375 0.1 0.059375
0 0.846875 0.23125 0.128125 0.09375
0 0.95625 0.140625 0.0875 0.0625
2 0.77890625 0.49453125 0.178125 0.1625
2 0.82578125 0.8 0.246875 0.078125
0 0.753125 0.56171875 0.1 0.0734375
0 0.6484375 0.57578125 0.115625 0.0625
0 0.4234375 0.7296875 0.146875 0.084375
1 0.15625 0.78203125 0.2953125 0.109375
0 0.38046875 0.49921875 0.234375 0.084375
3 0.12109375 0.29375 0.2421875 0.09375
0 0.34296875 0.30625 0.1125 0.065625
2 0.4046875 0.20234375 0.2125 0.125
2 0.94765625 0.7421875 0.1046875 0.065625