2 0.08828125 0.4703125 0.1578125 0.34921875
2 0.559375 0.3203125 0.23046875 0.321875
0 0.7875 0.1875 0.06640625 0.090625
0 0.8328125 0.4203125 0.05703125 0.16171875
3 0.41015625 0.81328125 0.1 0.253125
1 0.23671875 0.79609375 0.23828125 0.32421875
0 0.16015625 0.60078125 0.0734375 0.134375
0 0.21796875 0.7609375 0.0890625 0.16328125
0 0.440625 0.68515625 0.09609375 0.1765625
2 0.36328125 0.27265625 0.159375 0.26640625
3 0.19375 0.07109375 0.1 0.1421875
0 0.140625 0.21171875 0.0640625 0.12421875
0 0.86875 0.66484375 0.0765625 0.1234375