3 0.68046875 0.26015625 0.1125 0.153125
0 0.75 0.30546875 0.109375 0.065625
1 0.775 0.3734375 0.26875 0.090625
1 0.3015625 0.5109375 0.38125 0.25
2 0.10078125 0.31328125 0.2015625 0.134375
3 0.315625 0.68828125 0.134375 0.1015625
0 0.2703125 0.7453125 0.1484375 0.0875
0 0.10703125 0.74375 0.2140625 0.153125
3 0.0734375 0.85 0.146875 0.0484375
2 0.48125 0.73125 0.325 0.1328125
0 0.565625 0.62578125 0.1125 0.034375
0 0.746875 0.6734375 0.165625 0.090625
0 0.6484375 0.55625 0.19375 0.075
3 0.503125 0.19921875 0.1375 0.109375
1 0.91640625 0.35625 0.1671875 0.1875
1 0.94296875 0.12890625 0.1140625 0.1359375
0 0.96015625 0.22265625 0.0796875 0.0671875
2 0.9171875 0.56796875 0.1625 0.1625
3 0.9421875 0.70078125 0.115625 0.109375
1 0.43125 0.57734375 0.171875 0.1484375
3 0.81171875 0.52421875 0.2375 0.175