1 0.20859375 0.44609375 0.11171875 0.30859375
0 0.05078125 0.7875 0.05390625 0.13515625
3 0.87734375 0.3046875 0.06171875 0.15
3 0.25 0.11796875 0.1 0.221875
0 0.16484375 0.06875 0.06328125 0.13359375
2 0.85546875 0.7296875 0.1734375 0.3328125
0 0.40625 0.15390625 0.10078125 0.18125
0 0.3328125 0.1046875 0.0859375 0.18203125
0 0.0921875 0.9578125 0.05703125 0.084375
3 0.4609375 0.91953125 0.1 0.1609375
3 0.36171875 0.94375 0.13828125 0.1125
1 0.57265625 0.32578125 0.24375 0.3515625
1 0.7359375 0.309375 0.19609375 0.2875