1 0.39765625 0.665625 0.17890625 0.28671875
1 0.78046875 0.7078125 0.15546875 0.23515625
1 0.5828125 0.11640625 0.15078125 0.23203125
3 0.625 0.5484375 0.16875 0.253125
0 0.2453125 0.24453125 0.08203125 0.1375
3 0.3125 0.45625 0.1015625 0.228125
3 0.7171875 0.90078125 0.1484375 0.1453125
3 0.52109375 0.7296875 0.07734375 0.31953125
0 0.6640625 0.37109375 0.0984375 0.1453125
0 0.1609375 0.3421875 0.1046875 0.18203125
3 0.021875 0.8328125 0.04375 0.21171875
2 0.62734375 0.82109375 0.15625 0.19921875
0 0.84765625 0.625 0.059375 0.1203125
0 0.60078125 0.29609375 0.08203125 0.13203125