1 0.0921875 0.23828125 0.1203125 0.23984375
1 0.178125 0.08125 0.125 0.1625
3 0.29296875 0.440625 0.165625 0.17890625
3 0.27265625 0.8328125 0.14453125 0.32109375
3 0.41796875 0.07734375 0.071875 0.1515625
0 0.828125 0.03515625 0.08125 0.0703125
3 0.06640625 0.4640625 0.09375 0.20078125
1 0.65703125 0.934375 0.1296875 0.13125
0 0.0828125 0.8578125 0.0578125 0.12734375
1 0.62109375 0.49921875 0.19140625 0.24453125
0 0.64765625 0.83203125 0.06328125 0.0984375
0 0.49453125 0.06484375 0.0734375 0.1296875