2 0.26484375 0.63125 0.26484375 0.52421875
2 0.43828125 0.8390625 0.14140625 0.32109375
1 0.5125 0.66484375 0.1609375 0.2578125
1 0.84296875 0.8421875 0.140625 0.25234375
1 0.79765625 0.45078125 0.23046875 0.41953125
3 0.715625 0.63671875 0.05625 0.25078125
1 0.375 0.36640625 0.17734375 0.28984375
1 0.184375 0.1265625 0.13515625 0.253125
1 0.28671875 0.1625 0.165625 0.2515625
3 0.42734375 0.15 0.1640625 0.29453125
3 0.58359375 0.13828125 0.0828125 0.23359375
1 0.5890625 0.325 0.09375 0.29453125
0 0.78515625 0.23984375 0.06015625 0.0734375
1 0.478125 0.0703125 0.10859375 0.13984375