0 0.13359375 0.77890625 0.0875 0.16875
0 0.40390625 0.36640625 0.1578125 0.1828125
0 0.4328125 0.609375 0.05625 0.134375
0 0.76953125 0.06875 0.0875 0.1125
3 0.7265625 0.18359375 0.065625 0.20625
3 0.60078125 0.565625 0.1375 0.23125
3 0.37734375 0.56953125 0.059375 0.271875
0 0.49921875 0.7421875 0.084375 0.146875
2 0.3046875 0.87734375 0.125 0.2453125
0 0.63203125 0.85390625 0.084375 0.125
3 0.721875 0.8125 0.128125 0.1578125
0 0.7375 0.953125 0.071875 0.084375
0 0.03359375 0.396875 0.0453125 0.075