0 0.9453125 0.496875 0.06171875 0.14296875
0 0.5359375 0.32265625 0.07578125 0.1328125
1 0.5421875 0.81328125 0.12734375 0.3109375
1 0.3265625 0.64921875 0.1453125 0.16796875
1 0.1515625 0.3765625 0.1015625 0.24453125
0 0.0921875 0.4671875 0.04453125 0.13046875
0 0.44453125 0.553125 0.0921875 0.15859375
0 0.5046875 0.65 0.109375 0.1640625
3 0.31953125 0.52734375 0.184375 0.17109375
2 0.39453125 0.2453125 0.109375 0.178125
0 0.0890625 0.1890625 0.03515625 0.06484375
0 0.10546875 0.16875 0.03046875 0.071875
3 0.80390625 0.42890625 0.10625 0.1265625