1 0.728125 0.08984375 0.17421875 0.17890625
1 0.7796875 0.6546875 0.140625 0.25703125
1 0.51796875 0.07734375 0.13828125 0.15078125
2 0.703125 0.7703125 0.1453125 0.19140625
2 0.253125 0.14375 0.209375 0.2875
0 0.1078125 0.73359375 0.071875 0.14140625
0 0.20859375 0.69296875 0.05859375 0.1109375
3 0.08203125 0.19140625 0.07265625 0.2421875
0 0.4015625 0.15390625 0.07265625 0.1265625
0 0.20078125 0.56796875 0.05703125 0.14453125
0 0.203125 0.25625 0.05 0.08125
3 0.84296875 0.125 0.1046875 0.153125
3 0.5328125 0.67734375 0.23125 0.38046875
3 0.83125 0.3203125 0.15078125 0.27265625