1 0.5515625 0.15859375 0.14921875 0.2875
0 0.66640625 0.16171875 0.08515625 0.14609375
3 0.715625 0.12578125 0.13203125 0.16875
3 0.78203125 0.24296875 0.08359375 0.20546875
0 0.77421875 0.76484375 0.0828125 0.09375
3 0.09140625 0.4546875 0.125 0.203125
0 0.71171875 0.7734375 0.0515625 0.0765625
3 0.2140625 0.75234375 0.13828125 0.15703125
1 0.5984375 0.03046875 0.1671875 0.06015625
0 0.4546875 0.153125 0.065625 0.1203125
0 0.75 0.63203125 0.090625 0.14609375
3 0.690625 0.303125 0.19609375 0.22578125