1 0.11171875 0.64140625 0.11328125 0.35078125
1 0.23359375 0.73125 0.1421875 0.38203125
1 0.54765625 0.2546875 0.1703125 0.30078125
1 0.54453125 0.64140625 0.21171875 0.23984375
2 0.5234375 0.8765625 0.1875 0.246875
1 0.7828125 0.67265625 0.23984375 0.41328125
3 0.340625 0.12265625 0.0890625 0.2453125
1 0.94921875 0.115625 0.09296875 0.19375
0 0.421875 0.73125 0.128125 0.178125
0 0.796875 0.49921875 0.0765625 0.10859375
0 0.8578125 0.42578125 0.07734375 0.10625
0 0.25078125 0.56171875 0.0765625 0.10859375