0 0.20625 0.12421875 0.07265625 0.1453125
1 0.28984375 0.5484375 0.115625 0.34609375
2 0.73046875 0.57578125 0.221875 0.234375
3 0.5703125 0.8578125 0.096875 0.284375
3 0.3734375 0.359375 0.0640625 0.3109375
1 0.4578125 0.11015625 0.153125 0.2203125
1 0.5359375 0.28125 0.15234375 0.20703125
3 0.078125 0.5703125 0.125 0.26484375
0 0.18125 0.68984375 0.0625 0.15234375
0 0.4296875 0.58515625 0.12421875 0.20390625
3 0.678125 0.38515625 0.11015625 0.18671875
0 0.8453125 0.490625 0.0625 0.13984375
0 0.10859375 0.13671875 0.07578125 0.10859375