3 0.2578125 0.27265625 0.1515625 0.10625
0 0.396875 0.23515625 0.0953125 0.134375
1 0.3546875 0.06875 0.159375 0.1375
1 0.6484375 0.11640625 0.1296875 0.2015625
1 0.6734375 0.72421875 0.16875 0.35625
1 0.8421875 0.740625 0.08125 0.271875
0 0.86484375 0.4953125 0.059375 0.1421875
0 0.975 0.7453125 0.04375 0.1375
0 0.2890625 0.734375 0.084375 0.165625
0 0.446875 0.90078125 0.1140625 0.175
2 0.240625 0.86796875 0.1359375 0.2359375
2 0.8203125 0.9390625 0.153125 0.121875
1 0.58203125 0.37734375 0.1375 0.26875
0 0.7 0.96171875 0.0890625 0.0765625