3 0.72734375 0.40546875 0.08671875 0.3203125
3 0.6515625 0.0828125 0.0703125 0.16484375
3 0.79140625 0.10390625 0.23359375 0.18671875
3 0.58203125 0.69765625 0.17734375 0.1359375
0 0.5984375 0.91328125 0.0875 0.13515625
2 0.46875 0.88046875 0.178125 0.2390625
1 0.5 0.57109375 0.17421875 0.27109375
1 0.3046875 0.7140625 0.20859375 0.296875
0 0.8359375 0.75546875 0.159375 0.28046875
1 0.4375 0.1453125 0.15546875 0.290625
3 0.82421875 0.465625 0.10078125 0.2390625
3 0.90390625 0.890625 0.0828125 0.21796875
3 0.43203125 0.3359375 0.20234375 0.24609375
3 0.1859375 0.6328125 0.0765625 0.15