1 0.3328125 0.91484375 0.1734375 0.1703125
0 0.43203125 0.34609375 0.0921875 0.11484375
0 0.58125 0.590625 0.08828125 0.159375
1 0.89921875 0.79453125 0.121875 0.26875
0 0.8859375 0.59609375 0.06953125 0.1625
1 0.203125 0.04375 0.12578125 0.08515625
1 0.9125 0.0578125 0.08671875 0.1125
1 0.35234375 0.0375 0.0953125 0.071875
3 0.42109375 0.06484375 0.1390625 0.12890625
0 0.1625 0.665625 0.04921875 0.08515625
3 0.78125 0.04375 0.14765625 0.0859375
0 0.68828125 0.11953125 0.08046875 0.09453125
0 0.5359375 0.478125 0.0875 0.1625
0 0.43046875 0.496875 0.06796875 0.1359375
2 0.27734375 0.5828125 0.10234375 0.26484375