2 0.8515625 0.9375 0.12734375 0.12109375
1 0.284375 0.1078125 0.12109375 0.2140625
0 0.15625 0.509375 0.103125 0.19140625
1 0.3734375 0.1984375 0.19296875 0.23515625
1 0.6296875 0.9453125 0.10625 0.109375
3 0.2453125 0.9609375 0.1578125 0.0734375
2 0.61328125 0.590625 0.18203125 0.3453125
3 0.07734375 0.38828125 0.0734375 0.2203125
3 0.42734375 0.4390625 0.1796875 0.23046875
0 0.0359375 0.93203125 0.03359375 0.07109375
1 0.71015625 0.8515625 0.140625 0.2421875
3 0.4 0.78359375 0.221875 0.24609375
3 0.80625 0.4984375 0.11640625 0.3515625
1 0.9109375 0.390625 0.15234375 0.284375
1 0.86953125 0.75859375 0.15 0.22890625