1 0.5109375 0.49296875 0.184375 0.340625
1 0.16640625 0.16015625 0.1421875 0.1828125
0 0.509375 0.071875 0.0828125 0.14375
0 0.7546875 0.14375 0.1078125 0.215625
0 0.83359375 0.7453125 0.071875 0.15625
0 0.7921875 0.51640625 0.06875 0.14375
0 0.43203125 0.8921875 0.078125 0.153125
3 0.5734375 0.9359375 0.08125 0.1265625
0 0.62421875 0.9265625 0.065625 0.1328125
2 0.696875 0.93359375 0.0875 0.13125
3 0.7453125 0.84375 0.0671875 0.18125
0 0.615625 0.43515625 0.084375 0.1328125
2 0.65703125 0.7765625 0.15625 0.2234375
0 0.54921875 0.746875 0.0921875 0.178125
0 0.1734375 0.91328125 0.10625 0.159375