1 0.72109375 0.36953125 0.334375 0.171875
1 0.6390625 0.89296875 0.328125 0.0984375
1 0.915625 0.27109375 0.16875 0.1453125
2 0.09375 0.878125 0.1875 0.1125
0 0.446875 0.721875 0.146875 0.075
0 0.88671875 0.8390625 0.134375 0.075
0 0.903125 0.93828125 0.1484375 0.0609375
0 0.8875 0.74375 0.134375 0.071875
0 0.41328125 0.2609375 0.171875 0.0765625
0 0.26875 0.84921875 0.1390625 0.0515625
0 0.921875 0.64140625 0.1296875 0.0875
3 0.85625 0.51328125 0.15625 0.1609375
3 0.20625 0.24140625 0.271875 0.115625
0 0.1453125 0.35390625 0.15625 0.1125
3 0.721875 0.7765625 0.184375 0.1390625