0 0.215625 0.43671875 0.1 0.178125
0 0.13984375 0.05078125 0.059375 0.1015625
2 0.28203125 0.8609375 0.1359375 0.221875
1 0.125 0.53984375 0.128125 0.2484375
1 0.478125 0.59921875 0.1625 0.271875
0 0.403125 0.69609375 0.1296875 0.21875
1 0.6296875 0.85 0.1953125 0.20625
0 0.7671875 0.96640625 0.0546875 0.0671875
0 0.66484375 0.9796875 0.065625 0.040625
0 0.90703125 0.8125 0.0453125 0.1484375
0 0.878125 0.546875 0.096875 0.1484375
1 0.60390625 0.3328125 0.1453125 0.3265625
0 0.81796875 0.203125 0.0578125 0.1265625
3 0.7421875 0.1109375 0.103125 0.221875
3 0.46640625 0.3734375 0.153125 0.184375