2 0.63046875 0.3203125 0.196875 0.2515625
1 0.60390625 0.74609375 0.1921875 0.325
1 0.43046875 0.2203125 0.1703125 0.2765625
1 0.2421875 0.1484375 0.134375 0.246875
0 0.3421875 0.071875 0.059375 0.140625
0 0.42265625 0.0484375 0.1015625 0.0953125
3 0.90625 0.21015625 0.0953125 0.225
3 0.71953125 0.2 0.13125 0.1421875
2 0.834375 0.71171875 0.1671875 0.278125
1 0.82421875 0.475 0.1140625 0.2671875
3 0.46015625 0.759375 0.0796875 0.240625
3 0.3203125 0.9484375 0.1015625 0.1
3 0.14765625 0.8640625 0.0765625 0.2578125
3 0.73515625 0.44296875 0.0703125 0.325