1 0.2125 0.48984375 0.1328125 0.3453125
1 0.7375 0.04375 0.146875 0.0875
1 0.7734375 0.90625 0.140625 0.1875
1 0.9140625 0.90390625 0.1328125 0.1921875
1 0.59140625 0.065625 0.1671875 0.13125
2 0.09375 0.58828125 0.125 0.3015625
0 0.2875 0.5984375 0.0875 0.2109375
0 0.190625 0.8046875 0.0765625 0.109375
0 0.60625 0.9703125 0.065625 0.059375
0 0.82578125 0.6375 0.075 0.171875
0 0.43125 0.48125 0.0859375 0.1515625
3 0.4828125 0.73359375 0.0859375 0.3328125
3 0.38671875 0.6484375 0.125 0.3890625
0 0.10234375 0.10234375 0.0796875 0.14375
0 0.82578125 0.190625 0.109375 0.2921875
3 0.3546875 0.89453125 0.0765625 0.2109375