1 0.25546875 0.1203125 0.1125 0.209375
3 0.40625 0.29609375 0.0953125 0.3734375
0 0.509375 0.09765625 0.1109375 0.1515625
2 0.53046875 0.3234375 0.1484375 0.15
0 0.67265625 0.05625 0.0671875 0.1125
1 0.56796875 0.04609375 0.1390625 0.0921875
1 0.8328125 0.88203125 0.1546875 0.2359375
1 0.52109375 0.86875 0.1703125 0.23125
0 0.8453125 0.69453125 0.0859375 0.1328125
0 0.8140625 0.81328125 0.0515625 0.0953125
0 0.4078125 0.7546875 0.0953125 0.1703125
0 0.340625 0.03671875 0.0765625 0.0734375
0 0.903125 0.04609375 0.0375 0.0828125