0 0.1625 0.9421875 0.059375 0.115625
0 0.0640625 0.80078125 0.0484375 0.075
2 0.3375 0.9046875 0.1671875 0.190625
0 0.62109375 0.9328125 0.0890625 0.134375
0 0.6265625 0.70234375 0.121875 0.1875
0 0.89921875 0.83671875 0.0515625 0.1
3 0.8890625 0.61796875 0.09375 0.1859375
1 0.74921875 0.68984375 0.1640625 0.3109375
0 0.80859375 0.434375 0.08125 0.11875
3 0.63671875 0.2140625 0.0859375 0.1765625
1 0.446875 0.18046875 0.2015625 0.2953125
3 0.13515625 0.26484375 0.125 0.153125
3 0.18359375 0.07109375 0.128125 0.1265625
0 0.09453125 0.0796875 0.06875 0.1453125
3 0.01484375 0.0484375 0.01875 0.096875