1 0.2796875 0.20546875 0.25625 0.4109375
0 0.11171875 0.15234375 0.0640625 0.1015625
2 0.34140625 0.853125 0.2078125 0.2078125
3 0.48828125 0.89296875 0.165625 0.2140625
3 0.48671875 0.7984375 0.1015625 0.065625
0 0.5375 0.74375 0.0703125 0.10625
2 0.5796875 0.52421875 0.2328125 0.340625
0 0.76640625 0.49140625 0.08125 0.14375
1 0.88359375 0.71328125 0.1453125 0.2359375
1 0.8578125 0.86796875 0.15 0.2640625
1 0.7890625 0.915625 0.1375 0.16875
0 0.5625 0.34296875 0.115625 0.159375
0 0.459375 0.0984375 0.046875 0.1265625
1 0.73046875 0.25859375 0.103125 0.3109375
3 0.8578125 0.1546875 0.053125 0.253125
1 0.64453125 0.10859375 0.0890625 0.2171875
1 0.728125 0.05625 0.1 0.1125