2 0.29921875 0.3796875 0.2453125 0.3484375
0 0.23515625 0.28828125 0.059375 0.0859375
0 0.3640625 0.534375 0.0859375 0.1390625
0 0.1796875 0.6453125 0.1046875 0.196875
0 0.0921875 0.71484375 0.071875 0.15625
2 0.41640625 0.8375 0.2359375 0.325
3 0.5578125 0.71875 0.1546875 0.15
3 0.58828125 0.5171875 0.0890625 0.2578125
1 0.7375 0.61328125 0.153125 0.2
0 0.91796875 0.93203125 0.0609375 0.1359375
0 0.82421875 0.16796875 0.05625 0.1484375
1 0.9046875 0.34453125 0.11875 0.1546875
0 0.6875 0.4546875 0.084375 0.1546875
2 0.61953125 0.32578125 0.1296875 0.2640625
0 0.13359375 0.05703125 0.071875 0.1140625
3 0.0859375 0.20625 0.0640625 0.1796875