1 0.16171875 0.853125 0.1359375 0.2796875
2 0.3359375 0.675 0.15 0.271875
3 0.31875 0.4984375 0.1328125 0.1421875
0 0.5390625 0.8109375 0.11875 0.18125
3 0.55625 0.5421875 0.215625 0.3515625
3 0.88046875 0.65 0.1359375 0.25
2 0.93984375 0.80390625 0.0515625 0.2796875
0 0.940625 0.33671875 0.053125 0.13125
3 0.8015625 0.284375 0.11875 0.175
3 0.6640625 0.20546875 0.153125 0.3046875
2 0.5703125 0.2828125 0.171875 0.25
1 0.7703125 0.0921875 0.15 0.184375
2 0.115625 0.05390625 0.0953125 0.1078125
0 0.1984375 0.271875 0.06875 0.1546875
1 0.09375 0.2625 0.11875 0.30625
0 0.07734375 0.41484375 0.0265625 0.090625