0 0.16796875 0.953125 0.084375 0.09375
0 0.3640625 0.93046875 0.0765625 0.1234375
0 0.41171875 0.97265625 0.0703125 0.0546875
0 0.28828125 0.4796875 0.0625 0.125
0 0.5625 0.94375 0.0640625 0.1125
0 0.92578125 0.684375 0.0625 0.1640625
3 0.8046875 0.50859375 0.0859375 0.15
3 0.625 0.46015625 0.096875 0.2515625
0 0.47734375 0.5890625 0.0515625 0.09375
0 0.3046875 0.35 0.0890625 0.140625
0 0.1734375 0.07421875 0.08125 0.1484375
2 0.290625 0.08515625 0.15625 0.1703125
0 0.36640625 0.01484375 0.05 0.0296875
0 0.8921875 0.20703125 0.059375 0.109375
3 0.1046875 0.21875 0.0625 0.1921875
3 0.75 0.19765625 0.090625 0.2703125
3 0.20625 0.71015625 0.1421875 0.325
2 0.640625 0.890625 0.096875 0.21875
2 0.52421875 0.4515625 0.1015625 0.246875