1 0.5109375 0.065625 0.25625 0.13125
1 0.42109375 0.8484375 0.1828125 0.265625
0 0.290625 0.18984375 0.10625 0.134375
0 0.23203125 0.2546875 0.08125 0.115625
0 0.2203125 0.446875 0.084375 0.146875
0 0.75703125 0.10625 0.08125 0.153125
0 0.7015625 0.56171875 0.0859375 0.1796875
3 0.3375 0.94765625 0.15 0.1046875
3 0.90390625 0.37734375 0.0625 0.19375
1 0.584375 0.6734375 0.19375 0.2640625
2 0.2484375 0.70234375 0.1375 0.2875
2 0.27734375 0.79921875 0.121875 0.2609375
1 0.76875 0.74609375 0.184375 0.34375