0 0.0890625 0.70390625 0.071875 0.1140625
0 0.12421875 0.56640625 0.0609375 0.1546875
1 0.24609375 0.81171875 0.15 0.309375
0 0.32890625 0.7625 0.0703125 0.1578125
0 0.40390625 0.85 0.0890625 0.1515625
1 0.40859375 0.69921875 0.1140625 0.23125
0 0.671875 0.8875 0.0875 0.109375
0 0.65703125 0.76640625 0.0671875 0.159375
0 0.72578125 0.65234375 0.075 0.103125
3 0.575 0.73515625 0.1203125 0.4015625
3 0.60703125 0.40859375 0.1140625 0.25625
3 0.5984375 0.2453125 0.1515625 0.228125
0 0.4453125 0.3828125 0.109375 0.1390625
1 0.52890625 0.17265625 0.190625 0.2703125
3 0.08046875 0.278125 0.0671875 0.30625
0 0.1234375 0.31015625 0.053125 0.146875
1 0.64921875 0.08671875 0.1125 0.1734375
0 0.7640625 0.06875 0.075 0.0796875