0 0.15625 0.80546875 0.109375 0.16875
0 0.121875 0.68046875 0.0625 0.1390625
1 0.3140625 0.7046875 0.09375 0.3609375
1 0.48125 0.62890625 0.19375 0.2265625
1 0.54296875 0.96640625 0.1265625 0.0671875
1 0.6984375 0.85625 0.125 0.2875
0 0.58046875 0.49375 0.0875 0.1140625
0 0.51640625 0.84609375 0.0734375 0.1859375
0 0.84609375 0.16171875 0.084375 0.1375
3 0.62578125 0.1828125 0.1296875 0.19375
0 0.56015625 0.3671875 0.0828125 0.175
0 0.22578125 0.19921875 0.059375 0.1609375
0 0.27734375 0.353125 0.1796875 0.2484375