1 0.5109375 0.50703125 0.1859375 0.340625
1 0.16640625 0.83984375 0.1421875 0.1828125
0 0.509375 0.928125 0.0828125 0.14375
0 0.7546875 0.85625 0.1078125 0.2171875
0 0.83359375 0.2546875 0.071875 0.15625
0 0.7921875 0.48359375 0.06875 0.14375
0 0.43203125 0.1078125 0.078125 0.1546875
3 0.5734375 0.0640625 0.08125 0.1265625
0 0.62421875 0.0734375 0.065625 0.1328125
2 0.696875 0.06640625 0.0875 0.1328125
3 0.7453125 0.15625 0.0671875 0.1828125
0 0.615625 0.56484375 0.084375 0.1328125
2 0.65703125 0.2234375 0.15625 0.2234375
0 0.54921875 0.253125 0.0921875 0.178125
0 0.1734375 0.08671875 0.1078125 0.159375