2 0.134375 0.8296875 0.115625 0.340625
1 0.0984375 0.6015625 0.0921875 0.309375
0 0.075 0.75703125 0.05 0.1171875
0 0.25703125 0.8796875 0.109375 0.240625
1 0.2 0.9375 0.1 0.125
1 0.528125 0.91640625 0.228125 0.1671875
1 0.7265625 0.88203125 0.18125 0.2359375
0 0.4734375 0.7484375 0.1046875 0.1171875
0 0.66875 0.65703125 0.2109375 0.2921875
1 0.81875 0.56328125 0.2171875 0.490625
1 0.8875 0.24296875 0.146875 0.25625
0 0.275 0.35625 0.0875 0.0875
0 0.9484375 0.628125 0.05625 0.2140625
2 0.50078125 0.88046875 0.1984375 0.1703125