3 0.12578125 0.865625 0.10625 0.15
1 0.09609375 0.696875 0.1328125 0.1875
0 0.14140625 0.54921875 0.1046875 0.1484375
0 0.2890625 0.5953125 0.1796875 0.29375
0 0.20546875 0.6859375 0.05625 0.09375
0 0.48203125 0.553125 0.075 0.121875
0 0.5625 0.5359375 0.0921875 0.24375
0 0.7859375 0.95 0.078125 0.1
3 0.696875 0.91796875 0.1125 0.1296875
3 0.8078125 0.503125 0.0546875 0.1828125
3 0.83828125 0.28984375 0.0625 0.2140625
0 0.6671875 0.28828125 0.075 0.1453125
0 0.14453125 0.246875 0.08125 0.146875
0 0.2859375 0.2640625 0.1234375 0.2140625
1 0.71875 0.05390625 0.0984375 0.1078125
1 0.5734375 0.06640625 0.125 0.1328125
1 0.50859375 0.2046875 0.1015625 0.14375
1 0.259375 0.403125 0.084375 0.14375