0 0.0546875 0.503125 0.0625 0.14375
0 0.4640625 0.67734375 0.0765625 0.1328125
1 0.4578125 0.18671875 0.128125 0.3109375
1 0.6734375 0.35078125 0.1453125 0.16875
1 0.8484375 0.6234375 0.1015625 0.2453125
0 0.9078125 0.5328125 0.0453125 0.13125
0 0.55546875 0.446875 0.0921875 0.159375
0 0.4953125 0.35 0.109375 0.1640625
3 0.68046875 0.47265625 0.184375 0.171875
2 0.60546875 0.7546875 0.109375 0.178125
0 0.9109375 0.8109375 0.0359375 0.065625
0 0.89453125 0.83125 0.03125 0.071875
3 0.19609375 0.57109375 0.10625 0.1265625