1 0.284375 0.29296875 0.178125 0.21875
1 0.78984375 0.80078125 0.171875 0.2921875
1 0.446875 0.14609375 0.196875 0.171875
1 0.52265625 0.84921875 0.16875 0.296875
2 0.0578125 0.72109375 0.1125 0.3109375
2 0.44609375 0.35 0.13125 0.2609375
1 0.2703125 0.15703125 0.16875 0.2171875
3 0.8234375 0.07890625 0.0984375 0.1515625
3 0.6671875 0.77109375 0.09375 0.3265625
2 0.696875 0.484375 0.15 0.253125
2 0.67109375 0.2796875 0.1921875 0.275
3 0.91796875 0.33125 0.134375 0.2703125
1 0.1671875 0.09921875 0.13125 0.1984375