2 0.46171875 0.46953125 0.1671875 0.3609375
2 0.22421875 0.31796875 0.2015625 0.396875
1 0.8359375 0.58828125 0.165625 0.278125
1 0.86328125 0.33515625 0.1359375 0.2515625
1 0.45625 0.91015625 0.1890625 0.178125
3 0.634375 0.72734375 0.1765625 0.2765625
1 0.55390625 0.0609375 0.090625 0.1171875
1 0.85 0.89609375 0.1078125 0.2046875
1 0.70546875 0.278125 0.1453125 0.3703125
2 0.08203125 0.24453125 0.08125 0.3328125
1 0.1953125 0.8203125 0.1484375 0.321875
1 0.10546875 0.7875 0.084375 0.24375
1 0.32890625 0.6140625 0.2125 0.3015625
1 0.590625 0.3484375 0.1875 0.440625
2 0.471875 0.14921875 0.109375 0.2828125
2 0.34921875 0.21796875 0.1015625 0.4359375