3 0.21796875 0.36171875 0.0671875 0.259375
1 0.29375 0.4140625 0.134375 0.325
1 0.50234375 0.278125 0.1359375 0.3203125
1 0.47578125 0.6234375 0.1859375 0.271875
0 0.6625 0.8390625 0.08125 0.1609375
0 0.5734375 0.8140625 0.0890625 0.1421875
3 0.63125 0.6203125 0.1609375 0.3015625
1 0.7734375 0.53515625 0.15 0.3015625
1 0.92265625 0.74765625 0.0765625 0.2546875
0 0.84921875 0.13671875 0.06875 0.1296875
1 0.75546875 0.2625 0.128125 0.328125
2 0.48515625 0.83984375 0.15 0.25625
3 0.2015625 0.13203125 0.1625 0.2125