0 0.13359375 0.22109375 0.0875 0.16875
0 0.40390625 0.63359375 0.1578125 0.1828125
0 0.4328125 0.390625 0.05625 0.134375
0 0.76953125 0.93125 0.0875 0.1140625
3 0.7265625 0.81640625 0.0671875 0.20625
3 0.60078125 0.434375 0.1375 0.2328125
3 0.37734375 0.43046875 0.059375 0.271875
0 0.49921875 0.2578125 0.084375 0.1484375
2 0.3046875 0.12265625 0.125 0.2453125
0 0.63203125 0.14609375 0.0828125 0.1265625
3 0.721875 0.1875 0.128125 0.1578125
0 0.7375 0.046875 0.0703125 0.0859375
0 0.03359375 0.603125 0.0453125 0.075