0 0.9828125 0.58046875 0.034375 0.140625
3 0.9578125 0.93828125 0.0484375 0.1234375
1 0.20078125 0.1203125 0.1734375 0.240625
1 0.32265625 0.30859375 0.1015625 0.3078125
1 0.53515625 0.56015625 0.16875 0.35
0 0.4984375 0.91328125 0.0609375 0.1
0 0.74765625 0.946875 0.084375 0.10625
0 0.84609375 0.91796875 0.0984375 0.1640625
0 0.93671875 0.275 0.0640625 0.15
0 0.78203125 0.29921875 0.090625 0.165625
0 0.5765625 0.315625 0.059375 0.13125
2 0.3984375 0.821875 0.1421875 0.2984375
3 0.67734375 0.45234375 0.1875 0.246875