0 0.13984375 0.6421875 0.0671875 0.121875
2 0.1125 0.5015625 0.1421875 0.259375
0 0.38046875 0.9484375 0.0875 0.103125
0 0.3296875 0.915625 0.0390625 0.0765625
0 0.46328125 0.72265625 0.059375 0.1125
3 0.71328125 0.86171875 0.165625 0.2765625
0 0.66640625 0.4921875 0.1359375 0.1296875
0 0.584375 0.74453125 0.1015625 0.1234375
3 0.51328125 0.29296875 0.1484375 0.2265625
0 0.87734375 0.38671875 0.0640625 0.15625
1 0.6921875 0.31015625 0.109375 0.1140625
0 0.715625 0.16015625 0.075 0.16875
2 0.82578125 0.14453125 0.1609375 0.171875