1 0.409375 0.74609375 0.1875 0.2765625
1 0.51015625 0.9109375 0.121875 0.178125
1 0.5515625 0.76875 0.090625 0.1890625
1 0.66171875 0.8359375 0.140625 0.2546875
3 0.63671875 0.96015625 0.1046875 0.0796875
2 0.66640625 0.5796875 0.115625 0.2890625
3 0.621875 0.11953125 0.1375 0.2390625
0 0.1578125 0.34375 0.059375 0.1390625
0 0.09296875 0.415625 0.0796875 0.1921875
1 0.8546875 0.0703125 0.078125 0.140625
1 0.9296875 0.52265625 0.1 0.2734375
0 0.7984375 0.6 0.1046875 0.11875
0 0.86640625 0.55078125 0.1203125 0.2515625
2 0.615625 0.35703125 0.15 0.2265625