1 0.39375 0.05234375 0.1734375 0.1046875
1 0.25859375 0.44765625 0.1421875 0.2765625
1 0.8171875 0.6859375 0.1234375 0.234375
1 0.44609375 0.81640625 0.190625 0.253125
1 0.2359375 0.8546875 0.190625 0.2359375
1 0.3546875 0.6546875 0.1328125 0.265625
0 0.15703125 0.3125 0.08125 0.109375
0 0.23125 0.07109375 0.0578125 0.0828125
3 0.859375 0.5109375 0.1578125 0.103125
0 0.70859375 0.75859375 0.1015625 0.1546875
0 0.65390625 0.925 0.0890625 0.15
0 0.55546875 0.9453125 0.0890625 0.109375
3 0.39375 0.43125 0.1203125 0.3109375
3 0.74453125 0.934375 0.1234375 0.13125