1 0.3953125 0.73046875 0.178125 0.3125
3 0.61875 0.80234375 0.234375 0.1609375
3 0.80234375 0.77421875 0.1375 0.228125
2 0.19296875 0.9328125 0.1296875 0.134375
0 0.2609375 0.79765625 0.05 0.109375
3 0.31015625 0.35078125 0.0796875 0.3515625
0 0.42109375 0.32421875 0.0734375 0.1265625
0 0.37578125 0.26640625 0.06875 0.1890625
0 0.0875 0.13984375 0.0765625 0.153125
3 0.1546875 0.1625 0.0609375 0.1203125
2 0.4609375 0.0828125 0.1609375 0.165625
0 0.58203125 0.14921875 0.1109375 0.1453125
2 0.63046875 0.0453125 0.0921875 0.090625
2 0.715625 0.10390625 0.1625 0.2078125
0 0.8640625 0.25234375 0.0546875 0.1515625
0 0.89921875 0.4859375 0.0578125 0.134375
0 0.63984375 0.4 0.0828125 0.1265625