0 0.2109375 0.25390625 0.0765625 0.15
0 0.10078125 0.12578125 0.071875 0.1625
3 0.2953125 0.421875 0.1578125 0.278125
3 0.41171875 0.80546875 0.1 0.334375
3 0.50546875 0.62890625 0.1703125 0.215625
2 0.50859375 0.396875 0.2578125 0.428125
1 0.7078125 0.66875 0.1328125 0.3015625
3 0.8171875 0.78984375 0.0921875 0.1328125
3 0.87734375 0.8609375 0.16875 0.2234375
0 0.8796875 0.7265625 0.0453125 0.10625
0 0.8515625 0.653125 0.0796875 0.0953125
2 0.8140625 0.30859375 0.1796875 0.4
0 0.73203125 0.221875 0.046875 0.103125
0 0.684375 0.26875 0.08125 0.146875
1 0.65625 0.4078125 0.140625 0.2953125
0 0.26640625 0.79921875 0.090625 0.18125
1 0.30390625 0.15703125 0.146875 0.3140625
1 0.40859375 0.1265625 0.153125 0.246875