0 0.1859375 0.74140625 0.0953125 0.19375
1 0.3953125 0.85546875 0.1390625 0.2890625
1 0.58828125 0.81328125 0.1796875 0.2921875
0 0.4890625 0.24140625 0.0890625 0.1390625
0 0.440625 0.14921875 0.0875 0.175
0 0.3953125 0.04140625 0.0734375 0.0828125
0 0.69296875 0.53125 0.078125 0.1578125
0 0.57421875 0.60078125 0.090625 0.10625
0 0.53671875 0.709375 0.0859375 0.1109375
0 0.31328125 0.7390625 0.06875 0.1328125
1 0.83359375 0.61953125 0.153125 0.3296875
0 0.7875 0.234375 0.0671875 0.1359375
1 0.53671875 0.41875 0.2109375 0.2390625