0 0.390625 0.36875 0.0796875 0.1140625
0 0.46328125 0.80625 0.075 0.165625
0 0.0921875 0.89609375 0.0625 0.140625
1 0.32890625 0.9046875 0.1921875 0.190625
0 0.784375 0.0515625 0.0671875 0.103125
3 0.190625 0.25078125 0.1390625 0.1609375
3 0.6046875 0.80625 0.1453125 0.175
2 0.628125 0.55234375 0.13125 0.321875
0 0.3546875 0.48203125 0.0859375 0.121875
3 0.8890625 0.2859375 0.0984375 0.2765625
3 0.690625 0.68828125 0.10625 0.3171875
3 0.478125 0.56484375 0.16875 0.3140625
0 0.42265625 0.1109375 0.146875 0.221875
0 0.040625 0.85703125 0.075 0.1828125