1 0.05390625 0.90078125 0.1078125 0.1984375
3 0.225 0.87109375 0.184375 0.184375
1 0.1890625 0.5109375 0.18125 0.3
1 0.40625 0.71640625 0.2140625 0.296875
3 0.384375 0.925 0.078125 0.15
3 0.6046875 0.74921875 0.190625 0.184375
3 0.5546875 0.615625 0.1078125 0.0984375
1 0.8234375 0.89453125 0.125 0.2109375
2 0.690625 0.37890625 0.1296875 0.2859375
1 0.65390625 0.0515625 0.175 0.103125
1 0.6828125 0.20078125 0.1796875 0.2765625
1 0.25625 0.153125 0.1125 0.253125
1 0.06015625 0.103125 0.1203125 0.20625