3 0.16875 0.09453125 0.0453125 0.1890625
3 0.01328125 0.0484375 0.0171875 0.096875
1 0.5875 0.078125 0.0984375 0.15625
0 0.73671875 0.21328125 0.06875 0.0828125
2 0.71015625 0.3625 0.1328125 0.3703125
2 0.8796875 0.821875 0.1125 0.1375
3 0.57734375 0.85546875 0.14375 0.2890625
3 0.61875 0.57734375 0.1984375 0.203125
3 0.4640625 0.52734375 0.125 0.296875
0 0.36640625 0.51015625 0.096875 0.1796875
0 0.3609375 0.6703125 0.0765625 0.1453125
1 0.2328125 0.896875 0.1390625 0.1953125
0 0.28359375 0.7703125 0.11875 0.165625