1 0.5875 0.815625 0.1796875 0.2390625
0 0.4953125 0.365625 0.06875 0.1234375
0 0.8390625 0.26796875 0.059375 0.1109375
1 0.74140625 0.20703125 0.1609375 0.21875
0 0.609375 0.3015625 0.1625 0.309375
3 0.65390625 0.6109375 0.165625 0.2984375
2 0.73203125 0.40546875 0.1140625 0.265625
0 0.065625 0.8515625 0.05625 0.2046875
0 0.34765625 0.23515625 0.10625 0.175
3 0.8875 0.934375 0.1421875 0.13125
3 0.38046875 0.5265625 0.1515625 0.378125
0 0.8265625 0.69453125 0.05 0.121875
0 0.7796875 0.7 0.0609375 0.1515625
2 0.521875 0.13125 0.1296875 0.2625
0 0.21328125 0.03671875 0.0671875 0.0734375
2 0.20390625 0.709375 0.146875 0.1765625
2 0.175 0.50859375 0.140625 0.2296875
2 0.78125 0.07578125 0.153125 0.1515625